8564
8564
8564
8564
8564
8564
8564
8564
8564
8564
8564
8564
8564
8564
8564
8564
8564
8564
8564
8564
8564
8564
8564
8564
8564
8564
8564
8564
8564
8564
8564
8564
8564
8564
8564
8564
8564
8564
8564
8564
8564
8564
8564
8564
8564
8564
8564
8564
8564
8564
8564
8564
8564
8564
8564
8564
8564
8564
8564
8564
8564
8564
8564
8564
8564
8564
8564
8564
8564
8564
8564
8564
8564
8564
8564
8564
8564
8564
8564
8564
8564
8564
8564
8564
8564
8564
8564
8564
8564
8564
8564
8564
8564
8564
8564
8564
8564
8564
8564
8564
8564
8564
8564
8564
8564
8564
8564
8564
8564
8564
8564
8564
8564
8564
8564
8564
8564
8564
8564
8564
8564
8564
8564
8564
8564
8564
8564
8564
8564
8564
8564
8564
8564
8564
8564
8564
8564
8564
8564
8564
8564
8564
8564
8564
8564
8564
8564
8564
8564
8564
8564
8564
8564
8564
8564
8564
8564
8564
8564
8564
8564
8564
8564
8564
8564
8564
8564
8564
8564
8564
8564
8564
8564
8564
8564
8564
8564
8564
8564
8564
8564
8564
8564
8564
8564
8564
8564
8564
8564
8564
8564
8564
8564
8564
8564
8564
8564
8564
8564
8564
8564
8564
8564
8564
8564
8564
8564
8564
8564
8564
8564
8564
8564
8564
8564
8564
8564
8564
8564
8564
8564
8564
8564
8564
8564
8564
8564
8564
8564
8564
8564
8564
8564
8564
8564
8564
8564
8564
8564
8564
8564
8564
8564
8564
8564
8564
8564
8564
8564
8564
8564
8564
8564
8564
8564
8564
8564
8564
8564
8564
8564
8564
8564
8564
8564
8564
8564
8564
8564
8564
8564
8564
8564
8564
8564
8564
8564
8564
8564
8564
8564
8564
8564
8564
8564
8564
8564
8564
8564
8564
8564
8564
8564
8564
8564
8564
8564
8564
8564
8564
8564
8564
8564
8564
8564
8564
8564
8564
8564
8564
8564
8564
8564
8564
8564
8564
8564
8564
8564
8564
8564
8564
8564
8564
8564
8564
8564
8564
8564
8564
8564
8564
8564
8564
8564
8564
8564
8564
8564
8564
8564
8564
8564
8564
8564
8564
8564
8564
8564
8564
8564
8564
8564
8564
8564
8564
8564
8564
8564
8564
8564
8564
8564
8564
8564
8564
8564
8564
8564
8564
8564
8564
8564
8564
8564
8564
8564
8564
8564
8564
8564
8564
8564
8564
8564
8564
8564
8564
8564
8564
8564
8564
8564
8564
8564
8564
8564
8564
8564
8564
8564
8564
8564
8564
8564
8564
8564
8564
8564
8564
8564
8564
8564
8564
8564
8564
8564
8564
8564
8564
8564
8564
8564
8564
8564
8564
8564
8564
8564
8564
8564
8564
8564
8564
8564
8564
8564
8564
8564
8564
8564
8564
8564
8564
8564
8564
8564
8564
8564
8564
8564
8564
8564
8564
8564
8564
8564
8564
8564
8564
8564
8564
8564
8564
8564
8564
8564
8564
8564
8564
8564
8564
8564
8564
8564
8564
8564
8564
8564
8564
8564
8564
8564
8564
8564
8564
8564
8564
8564
8564
8564
8564
8564
8564
8564
8564
8564
8564
8564
8564
8564
8564
8564
8564
8564
8564
8564
8564
8564
8564
8564
8564
8564
8564
8564
8564
8564
8564
8564
8564
8564
8564
8564
8564
8564
8564
8564
8564
8564
8564
8564
8564
8564
8564
8564
8564
8564
8564
8564
8564
8564
8564
8564
8564
8564
8564
8564
8564
8564
8564
8564
8564
8564
8564
8564
8564
8564
8564
8564
8564
8564
8564
8564
8564
8564
8564
8564
8564
8564
8564
8564
8564
8564
8564
8564
8564
8564
8564
8564
8564
8564
8564
8564
8564
8564
8564
8564
8564
8564
8564
8564
8564
8564
8564
8564
8564
8564
8564
8564
8564
8564
8564
8564
8564
8564
8564
8564
8564
8564
8564
8564
8564
8564
8564
8564
8564
8564
8564
8564
8564
8564
8564
8564
8564
8564
8564
8564
8564
8564
8564
8564
8564
8564
8564
8564
8564
8564
8564
8564
8564
8564
8564
8564
8564
8564
8564
8564
8564
8564
8564
8564
8564
8564
8564
8564
8564
8564
8564
8564
8564
8564
8564
8564
8564
8564
8564
8564
8564
8564
8564
8564
8564
8564
8564
8564
8564
8564
8564
8564
8564
8564
8564
8564
8564
8564
8564
8564
8564
8564
8564
8564
8564
8564
8564
8564
8564
8564
8564
8564
8564
8564
8564
8564
8564
8564
8564
8564
8564
8564
8564
8564
8564
8564
8564
8564
8564
8564
8564
8564
8564
8564
8564
8564
8564
8564
8564
8564
8564
8564
8564
8564
8564
8564
8564
8564
8564
8564
8564
8564
8564
8564
8564
8564
8564
8564
8564
8564
8564
8564
8564
8564
8564
8564
8564
8564
8564
8564
8564
8564
8564
8564
8564
8564
8564
8564
8564
8564
8564
8564
8564
8564
8564
8564
8564
8564
8564
8564
8564
8564
8564
8564
8564
8564
8564
8564
8564
8564
8564
8564
8564
8564
8564
8564
8564
8564
8564
8564
8564
8564
8564
8564
8564
8564
8564
8564
8564
8564
8564
8564
8564
8564
8564
8564
8564
8564
8564
8564
8564
8564
8564
8564
8564
8564
8564
8564
8564
8564
8564
8564
8564
8564
8564
8564
8564
8564
8564
8564
8564
8564
8564
8564
8564
8564
8564
8564
8564
8564
8564
8564
8564
8564
8564
8564
8564
8564
8564
8564
8564
8564
8564
8564
8564
8564
8564
8564
8564
8564
8564
8564
8564
8564
8564
8564
8564
8564
8564
8564
8564
8564
8564
8564
8564
8564
8564
8564
8564
8564
8564
8564
8564
8564
8564
8564
8564
8564
8564
8564
8564
8564
8564
8564
8564
8564
8564
8564
8564
8564
8564
8564
8564
8564
8564
8564
8564
8564
8564
8564
8564
8564
8564
8564
8564
8564
8564
8564
8564
8564
8564
8564
8564
8564
8564
8564
8564
8564
8564
8564
8564
8564
8564
8564
8564
8564
8564
8564
8564
8564
8564
8564
8564
8564
8564
8564
8564
8564
8564
8564
8564
8564
8564
8564
8564
8564
8564
8564
8564
8564
8564
8564
8564
8564
8564
8564
8564
8564
8564
8564
8564
8564
8564
8564
8564
8564
8564
8564
8564
8564
8564
8564
8564
8564
8564
8564
8564
8564
8564
8564
8564
8564
8564
8564
8564
8564
8564
8564
8564
8564
8564
8564
8564
8564
8564
8564
8564
8564
8564
8564
8564
8564
8564
8564
8564
8564
8564
8564
8564
8564
8564
8564
8564
8564
8564
8564
8564
8564
8564
8564
8564
8564
8564
8564
8564
8564
8564
8564
8564
8564
8564
8564
8564
8564
8564
8564
8564
8564
8564
8564
8564
8564
8564
8564
8564
8564
8564
8564
8564
8564
8564
8564
8564
8564
8564
8564
8564
8564
8564
8564
8564
8564
8564
8564
8564
8564
8564
8564
8564
8564
8564
8564
8564
8564
8564
8564
8564
8564
8564
8564
8564
8564
8564
8564
8564
8564
8564
8564
8564
8564
8564
8564
8564
8564
8564
8564
8564
8564
8564
8564
8564
8564
8564
8564
8564
8564
8564
8564
8564
8564
8564
48
8564
8564
8564
8564
8564
8564
8564
8564
8564
8564
8564
8564
48
8564
8564
8564
3502
8564
8564
8564
8564
8564
8564
8564
48
48
8564
8564
48
8564
8564
8564
8564
8564
8564
8564
8564
8564
8564
8564
8564
8564
8564
8564
8564
8564
8564
8564
8564
8564
8564
8564
8564
8564
8564
8564
8564
8564
8564
8564
8564
8564
8564
8564
8564
8564
8564
8564
8564
8564
8564
8564
8564
8564
8564
8564
8564
8564
8564
8564
8564
8564
8564
8564
8564
8564
8564
8564
8564
8564
8564
8564
8564
8564
8564
8564
8564
8564
279
8564
204
231
8564
216
8564
2298
8564
8564
2298
8564
8564
257
8564
826
2298
8564
824
257
8564
8564
2298
8564
826
2298
8564
8564
2298
8564
8564
1065
8564
826
2298
8564
3732
2298
8564
826
2298
8564
3732
2298
8564
8564
2298
8564
8564
2298
8564
8564
2298
8564
8564
257
8564
3732
2298
8564
8564
2298
8564
8564
2298
8564
8564
2298
8564
3732
2298
8564
8564
2298
8564
8564
2298
8564
826
2298
8564
8564
2298
8564
8564
2298
8564
826
2298
8564
826
2298
8564
8564
2298
8564
8564
2298
8564
8564
2298
8564
826
2298
8564
826
2298
8564
3732
2298
8564
826
2298
8564
3732
2298
8564
8564
2298
8564
3732
2298
8564
826
2298
8564
8564
2298
8564
8564
2298
8564
8564
2298
8564
3732
2298
8564
8564
2298
8564
3732
2298
8564
8564
2298
8564
8564
2298
8564
826
2298
8564
826
2298
8564
8564
2298
8564
826
2298
8564
3732
2298
8564
826
2298
8564
3732
2298
8564
826
2298
8564
5012
315
8564
8564
2298
8564
8564
2298
8564
8564
257
8564
8564
2298
8564
8564
2298
8564
8564
2298
8564
8564
2298
8564
8564
2298
8564
8564
2298
8564
8564
2298
8564
826
2298
8564
826
2298
8564
3732
2298
8564
826
2298
8564
342
2298
8564
8564
2298
8564
8564
2298
8564
8564
2298
8564
8564
2298
8564
8564
2298
8564
826
2298
8564
826
2298
8564
8564
257
8564
824
257
8564
8564
2298
8564
8564
2298
8564
8564
2298
8564
3732
2298
8564
8564
2298
8564
4846
257
8564
8564
2298
8564
8564
2298
8564
3732
2298
8564
826
2298
8564
826
2298
8564
8564
2298
8564
8564
2298
8564
8564
2298
8564
342
2298
8564
8564
2298
8564
826
2298
8564
8564
2298
8564
8564
2298
8564
826
2298
8564
8564
2298
8564
826
2298
8564
8564
2298
8564
8564
2298
8564
826
2298
8564
8564
2298
8564
8564
2298
8564
8564
2298
8564
8564
2298
8564
3732
2298
8564
657
315
8564
8564
2298
8564
5012
315
8564
8564
257
8564
8564
2298
8564
8564
2298
8564
826
2298
8564
8564
315
8564
826
2298
8564
826
2298
8564
8564
2298
8564
8564
2298
8564
8564
2298
8564
826
2298
8564
826
2298
8564
826
2298
8564
826
2298
8564
826
2298
8564
826
2298
8564
3732
2298
8564
8564
2298
8564
826
2298
8564
8564
2298
8564
826
2298
8564
3837
263
8564
8564
2298
8564
4972
257
8564
8564
2298
8564
3732
2298
8564
8564
2298
8564
3732
2298
8564
8564
2298
8564
8564
2298
8564
8564
2298
8564
8564
2298
8564
8564
2298
8564
4972
257
8564
826
2298
8564
8564
2298
8564
8564
2298
8564
3732
2298
8564
826
2298
8564
8564
2298
8564
8564
2298
8564
824
257
8564
8564
2298
8564
8564
2298
8564
826
2298
8564
826
2298
8564
826
2298
8564
8564
497
8564
8564
2298
8564
3829
2298
8564
826
2298
8564
8564
2298
8564
8564
315
8564
826
2298
8564
826
2298
8564
8564
2298
8564
826
2298
8564
8564
2298
8564
8564
2298
8564
826
2298
8564
8564
2298
8564
8564
2298
8564
8564
2298
8564
8564
2298
8564
826
2298
8564
3732
2298
8564
3829
2298
8564
8564
2298
8564
8564
2298
8564
8564
257
8564
8564
2298
8564
8564
2298
8564
8564
2298
8564
8564
2298
8564
826
2298
8564
8564
257
8564
8564
2298
8564
8564
2298
8564
824
257
8564
826
2298
8564
8564
2298
8564
826
2298
8564
3732
2298
8564
826
2298
8564
8564
2298
8564
3732
2298
8564
8564
2298
8564
826
2298
8564
8564
2298
8564
8564
257
8564
8564
2298
8564
8564
2298
8564
8564
2298
8564
826
2298
8564
826
2298
8564
3732
2298
8564
8564
2298
8564
8564
2298
8564
826
2298
8564
8564
257
8564
3732
2298
8564
826
2298
8564
8564
2298
8564
4846
257
8564
8564
2298
8564
826
2298
8564
3732
2298
8564
8564
2298
8564
8564
257
8564
8564
2298
8564
826
2298
8564
8564
2298
8564
8564
2298
8564
826
2298
8564
8564
2298
8564
3829
2298
8564
826
2298
8564
3732
2298
8564
3829
2298
8564
8564
2298
8564
8564
2298
8564
8564
2298
8564
8564
2298
8564
8564
2298
8564
826
2298
8564
826
2298
8564
8564
257
8564
8564
2298
8564
8564
257
8564
826
2298
8564
826
2298
8564
8564
2298
8564
8564
257
8564
8564
2298
8564
3732
2298
8564
4783
257
8564
8564
257
8564
8564
2298
8564
8564
2298
8564
8564
257
8564
3732
2298
8564
8564
2298
8564
8564
2298
8564
8564
2298
8564
8564
2298
8564
826
2298
8564
8564
2298
8564
8564
2298
8564
826
2298
8564
8564
2298
8564
8564
2298
8564
826
2298
8564
8564
2298
8564
8564
2298
8564
8564
2298
8564
3732
2298
8564
8564
2298
8564
8564
2298
8564
826
2298
8564
8564
2298
8564
8564
8564
8564
8564
257
8564
8564
2298
8564
3732
2298
8564
8564
2298
8564
8564
2298
8564
8564
3807
8564
8564
2298
8564
8564
2298
8564
8564
2298
8564
826
2298
8564
215
263
8564
8564
2298
8564
342
2298
8564
8564
2298
8564
8564
2298
8564
8564
2298
8564
826
2298
8564
826
2298
8564
8564
2298
8564
826
2298
8564
8564
2298
8564
826
2298
8564
8564
2298
8564
826
2298
8564
8564
2298
8564
8564
2298
8564
8564
2298
8564
3732
2298
8564
8564
2298
8564
3829
2298
8564
8564
257
8564
826
2298
8564
826
2298
8564
8564
2298
8564
8564
2298
8564
3732
2298
8564
8564
257
8564
8564
2298
8564
826
2298
8564
3732
2298
8564
3627
257
8564
8564
257
8564
8564
257
8564
3732
2298
8564
3829
2298
8564
5012
315
8564
3732
2298
8564
8564
2298
8564
231
263
8564
8564
2298
8564
8564
2298
8564
826
2298
8564
8564
2298
8564
826
2298
8564
8564
8564
8564
8564
2298
8564
342
2298
8564
8564
2298
8564
826
2298
8564
826
2298
8564
8564
257
8564
8564
2298
8564
8564
2298
8564
8564
2298
8564
8564
257
8564
8564
2298
8564
3732
2298
8564
8564
2298
8564
8564
2298
8564
8564
2298
8564
5012
315
8564
8564
2298
8564
8564
2298
8564
826
2298
8564
3732
2298
8564
8564
257
8564
3732
2298
8564
8564
2298
8564
826
2298
8564
3732
2298
8564
8564
2298
8564
8564
2298
8564
3732
2298
8564
8564
8564
8564
8564
2298
8564
8564
2298
8564
3732
2298
8564
826
2298
8564
826
2298
8564
8564
2298
8564
8564
2298
8564
8564
2298
8564
8564
315
8564
8564
2298
8564
231
263
8564
8564
2298
8564
826
2298
8564
8564
2298
8564
8564
2298
8564
8564
2298
8564
826
2298
8564
8564
2298
8564
3732
2298
8564
826
2298
8564
826
2298
8564
8564
2298
8564
826
2298
8564
8564
2298
8564
8564
2298
8564
826
2298
8564
8564
2298
8564
8564
2298
8564
3732
2298
8564
8564
2298
8564
8564
257
8564
3732
2298
8564
8564
2298
8564
8564
8564
8564
8564
2298
8564
8564
2298
8564
8564
8564
8564
3837
263
8564
826
2298
8564
8564
2298
8564
8564
2298
8564
8564
2298
8564
3732
2298
8564
826
2298
8564
826
2298
8564
8564
2298
8564
8564
2298
8564
8564
2298
8564
8564
8564
8564
8564
2298
8564
8564
2298
8564
8564
2298
8564
8564
2298
8564
8564
2298
8564
4739
263
8564
3776
315
8564
826
2298
8564
8564
2298
8564
826
2298
8564
8564
2298
8564
826
2298
8564
8564
2298
8564
3732
2298
8564
8564
2298
8564
3732
2298
8564
8564
2298
8564
826
2298
8564
3732
2298
8564
8564
2298
8564
8564
2298
8564
8564
257
8564
8564
2298
8564
8564
2298
8564
8564
2298
8564
826
2298
8564
8564
2298
8564
8564
2298
8564
8564
2298
8564
8564
2298
8564
826
2298
8564
8564
2298
8564
826
2298
8564
826
2298
8564
8564
2298
8564
8564
2298
8564
826
2298
8564
3732
2298
8564
826
2298
8564
8564
2298
8564
826
2298
8564
342
2298
8564
8564
2298
8564
8564
2298
8564
8564
2298
8564
826
2298
8564
3732
2298
8564
826
2298
8564
3732
2298
8564
826
2298
8564
8564
2298
8564
3732
2298
8564
826
2298
8564
8564
2298
8564
826
2298
8564
8564
2298
8564
3829
2298
8564
826
2298
8564
826
2298
8564
826
2298
8564
3732
2298
8564
8564
2298
8564
8564
2298
8564
826
2298
8564
826
2298
8564
826
2298
8564
8564
257
8564
8564
2298
8564
8564
2298
8564
3732
2298
8564
8564
2298
8564
826
2298
8564
826
2298
8564
8564
2298
8564
4846
257
8564
826
2298
8564
8564
257
8564
8564
257
8564
8564
2298
8564
826
2298
8564
8564
2298
8564
8564
257
8564
8564
2298
8564
8564
2298
8564
8564
2298
8564
826
2298
8564
826
2298
8564
8564
2298
8564
8564
257
8564
826
2298
8564
8564
2298
8564
8564
2298
8564
3829
2298
8564
342
2298
8564
824
257
8564
8564
3807
8564
8564
2298
8564
8564
2298
8564
8564
257
8564
4972
257
8564
8564
2298
8564
826
2298
8564
8564
2298
8564
826
2298
8564
8564
257
8564
826
2298
8564
3732
2298
8564
826
2298
8564
8564
2298
8564
826
2298
8564
8564
2298
8564
8564
2298
8564
3732
2298
8564
8564
2298
8564
826
2298
8564
8564
2298
8564
826
2298
8564
826
2298
8564
4972
257
8564
826
2298
8564
3829
2298
8564
3732
2298
8564
8564
2298
8564
8564
2298
8564
826
2298
8564
8564
2298
8564
3732
2298
8564
8564
2298
8564
8564
2298
8564
3732
2298
8564
8564
2298
8564
8564
2298
8564
8564
2298
8564
8564
2298
8564
8564
2298
8564
826
2298
8564
8564
2298
8564
3732
2298
8564
826
2298
8564
8564
2298
8564
8564
257
8564
8564
2298
8564
8564
3807
8564
4739
263
8564
3732
2298
8564
8564
2298
8564
8564
2298
8564
8564
257
8564
826
2298
8564
8564
2298
8564
3732
2298
8564
824
257
8564
3732
2298
8564
8564
2298
8564
8564
2298
8564
8564
2298
8564
8564
2298
8564
8564
2298
8564
8564
257
8564
8564
2298
8564
8564
2298
8564
8564
2298
8564
826
2298
8564
8564
2298
8564
826
2298
8564
8564
2298
8564
826
2298
8564
826
2298
8564
3732
2298
8564
8564
2298
8564
8564
2298
8564
3732
2298
8564
8564
2298
8564
826
2298
8564
8564
2298
8564
8564
2298
8564
8564
2298
8564
826
2298
8564
8564
2298
8564
8564
2298
8564
826
2298
8564
826
2298
8564
8564
2298
8564
8564
2298
8564
8564
2298
8564
8564
2298
8564
8564
2298
8564
8564
2298
8564
8564
2298
8564
826
2298
8564
4783
257
8564
8564
257
8564
3732
2298
8564
8564
2298
8564
8564
2298
8564
8564
2298
8564
3732
2298
8564
8564
2298
8564
826
2298
8564
826
2298
8564
8564
257
8564
826
2298
8564
8564
2298
8564
826
2298
8564
3732
2298
8564
8564
2298
8564
3732
2298
8564
3776
315
8564
8564
2298
8564
8564
2298
8564
8564
257
8564
3732
2298
8564
8564
2298
8564
8564
2298
8564
826
2298
8564
3732
2298
8564
8564
2298
8564
8564
2298
8564
8564
2298
8564
826
2298
8564
8564
2298
8564
8564
2298
8564
8564
2298
8564
8564
2298
8564
8564
2298
8564
826
2298
8564
826
2298
8564
826
2298
8564
826
2298
8564
4783
257
8564
826
2298
8564
8564
2298
8564
8564
2298
8564
8564
2298
8564
8564
2298
8564
8564
2298
8564
8564
2298
8564
826
2298
8564
8564
2298
8564
826
2298
8564
8564
2298
8564
8564
257
8564
3732
2298
8564
826
2298
8564
4783
257
8564
3732
2298
8564
8564
2298
8564
826
2298
8564
8564
8564
8564
3732
2298
8564
3732
2298
8564
3732
2298
8564
8564
2298
8564
8564
2298
8564
8564
2298
8564
8564
2298
8564
8564
1345
8564
8564
8564
8564
8564
8564
8564
8564
8564
8564
8564
8564
8564
8564
8564
8564
8564
8564
8564
8564
8564
8564
8564
8564
8564
8564
8564
8564
8564
8564
8564
8564
8564
8564
8564
8564
8564
8564
8564
1345
8564
8564
8564
1345
1345
8564
8564
8564
8564
8564
8564
8564
8564
1345
8564
8564
1345
1345
8564
8564
8564
8564
8564
8564
8564
8564
8564
8564
8564
8564
8564
8564
8564
8564
8564
8564
8564
8564
8564
8564
8564
8564
8564
1209
180
8564
609
619
8564
8564
8564
8190
8564
8564
8190
8564
8564
8564
8564
201
204
8564
630
204
8564
826
8564
201
8564
8564
8564
204
8564
8564
1013
8564
4024
1137
420
619
567
8564
724
234
8564
8564
8564
8564
204
8564
8564
8564
567
8564
500
8564
201
204
420
8564
8564
216
192
8564
8564
8564
8564
201
204
8564
216
8564
1950
8564
279
8564
204
8564
547
198
8564
8564
8564
8564
8564
8564
8564
204
188
609
8564
8564
8564
8564
8564
216
8564
8564
8564
8564
3732
826
826
826
198
8564
204
826
826
826
826
826
826
826
826
826
8564
1950
8564
8564
194
198
8564
204
826
826
194
198
8564
204
826
8564
8564
194
198
8564
204
8564
8564
826
826
194
194
826
826
198
8564
8564
8564
8564
8564
8564
8564
8564
8564
8564
8564
8564
204
8564
8564
8564
8564
420
1950
8564
279
8564
8564
204
8564
8564
8564
420
1950
8564
279
204
8564
1950
8564
279
8564
204
8564
8564
1950
8564
279
204
8564
216
420
1950
8564
279
204
8564
216
8564
1950
8564
279
204
8564
216
420
1950
8564
279
8564
8564
204
8564
8564
8564
216
567
8564
8564
204
8564
8564
824
198
204
8564
420
1015
8564
4783
198
8564
204
420
1015
8564
4783
198
8564
8564
8564
204
8564
8564
192
188
8564
8564
194
198
8564
8564
8564
8564
8564
8564
204
513
630
204
188
1137
8564
1015
8564
252
8564
2298
8564
8564
8564
826
8564
826
8564
1209
8564
858
5223
8564
8564
194
198
8564
8564
279
424
8564
204
8564
8564
8564
8564
194
198
8564
204
8564
5224
279
204
8564
8564
8564
826
194
198
8564
8564
204
8564
1950
8564
279
8564
8564
204
8564
8564
8564
1950
8564
8564
8564
420
8564
8564
420
567
4972
8564
8564
8564
216
8564
8564
8564
8564
8564
194
198
8564
8564
8564
8564
8564
8564
8564
8564
204
8564
527
232
500
8564
8564
8564
2156
8564
8564
540
8564
204
567
8564
234
8564
756
424
8564
204
252
8564
8564
1513
674
884
279
884
8564
424
8564
8564
216
8564
824
188
194
8564
4783
8564
8564
8564
216
8564
8564
8564
8564
8564
8564
826
826
826
826
826
826
231
8564
8564
8564
8564
216
8564
540
8564
204
8564
192
2298
8564
8564
1950
8564
8564
194
198
8564
204
1209
826
826
826
826
826
826
194
194
826
826
8564
8564
8564
8564
8564
216
8564
8564
8564
8564
420
567
8564
234
8564
8564
8564
8564
204
1015
8564
188
198
773
198
424
8564
8564
8564
204
8564
194
634
586
420
192
8564
8564
216
8564
279
8564
204
8564
567
8564
234
619
420
8564
8564
8564
204
8564
343
3760
420
619
619
192
8564
8564
8564
216
8564
8564
8564
420
420
1950
8564
279
8564
8564
8564
8564
8564
8564
204
1137
505
8564
8564
8564
8564
8564
8564
216
8564
8564
8564
420
567
8564
234
8564
8564
8564
204
1015
8564
198
773
198
424
8564
8564
204
8564
194
198
8564
204
567
8564
420
8564
216
8564
420
192
567
567
5012
500
8564
8564
216
8564
8564
420
420
1950
8564
279
8564
8564
8564
8564
8564
204
8564
8564
1209
8564
8564
8564
8564
8564
8564
8564
216
8564
8564
216
8564
8564
8564
8564
8564
216
8564
216
8564
198
204
8564
8564
188
8564
8564
8564
8564
216
8564
8564
8564
8564
8564
216
8564
8564
188
8564
8564
8564
8564
216
567
8564
8564
204
8564
8564
8564
8564
8564
567
8564
8564
8564
216
826
8564
201
8564
204
8564
8564
8564
204
824
188
8564
8564
8564
8564
198
8564
8564
204
8564
194
198
204
826
8564
826
8564
8564
8564
8564
8564
826
8564
8564
1950
8564
8564
826
826
194
198
8564
204
826
8564
198
586
8564
8564
8564
194
198
8564
204
826
194
198
8564
204
826
8564
826
826
826
8564
826
8564
279
8564
8564
8564
8564
8564
204
826
826
653
198
204
826
8564
826
194
198
8564
8564
8564
8564
204
8564
8564
826
194
198
8564
8564
8564
8564
8564
8564
204
8564
8564
194
198
8564
8564
8564
8564
8564
8564
204
192
8564
1015
8564
8564
8564
826
826
826
8564
8564
8564
8564
8564
216
826
8564
567
8564
198
8564
204
8564
826
194
198
8564
204
8564
8564
657
500
8564
8564
188
8564
8564
8564
216
8564
8564
188
8564
8564
188
8564
8564
8564
216
8564
8564
8564
8564
527
232
8564
8564
8564
216
8564
8564
8564
8564
8564
8564
216
8564
8564
188
8564
8564
8564
8564
8564
8564
8564
8564
8564
8564
8564
8564
216
192
8564
8564
8564
8564
8564
8564
216
826
216
8564
8564
8564
8564
216
826
8564
216
8564
8564
8564
8564
8564
8564
8564
216
8564
8564
188
8564
8564
188
8564
8564
8564
216
826
194
198
8564
204
8564
8564
8564
8564
8564
8564
216
8564
4972
8564
216
8564
8564
8564
527
232
8564
8564
8564
231
8564
8564
8564
216
8564
8564
8564
527
232
192
8564
527
232
8564
8564
194
2156
8564
8564
826
232
8564
8564
8564
3604
8564
8564
8564
8564
234
8564
204
8564
279
204
8564
216
826
8564
2298
2298
8564
826
2298
8564
8564
8564
8564
8564
8564
8564
8564
8564
8564
1345
8564
8564
8564
8564
8564
8564
8564
8564
8564
8564
8564
279
279
424
204
1950
8564
8564
279
204
1209
194
8564
8564
194
198
8564
204
8564
192
8564
8564
420
1950
8564
8564
420
1950
8564
279
204
8564
8564
194
8564
216
420
1950
8564
279
8564
204
8564
420
1015
8564
412
8564
540
424
204
8564
279
204
8564
3732
8564
216
8564
420
1950
8564
8564
3732
8564
194
198
8564
204
8564
420
1015
8564
198
204
8564
1006
194
8564
8564
8564
192
8564
3732
194
198
204
8564
8564
420
1015
8564
420
1015
8564
8564
420
1950
8564
8564
192
8564
8564
216
8564
8564
420
1950
8564
8564
8564
216
8564
8564
8564
216
8564
1513
279
8564
204
2298
8564
8564
8564
216
8564
8564
216
192
8564
8564
8564
8564
216
8564
216
8564
192
8564
3732
194
198
8564
204
8564
8564
194
420
1015
8564
8564
420
1950
8564
8564
8564
216
8564
192
8564
3732
194
198
204
8564
8564
194
420
1015
8564
8564
420
1950
8564
8564
8564
216
8564
8564
194
420
1015
8564
8564
420
1950
8564
8564
8564
216
1006
194
8564
8564
216
8564
8564
231
279
204
8564
2298
8564
2298
8564
8564
8564
8564
8564
8564
8564
8564
8564
279
204
826
8564
8564
8564
8564
216
8564
540
8564
204
8564
2298
8564
192
194
198
8564
8564
8564
8564
8564
204
8564
279
8564
8564
8564
8564
204
1209
8564
8564
192
194
198
8564
8564
487
8564
8564
8564
8564
216
8564
8564
231
279
204
8564
192
3732
2298
1950
3837
8564
8564
8564
8564
8564
8564
8564
8564
8564
8564
826
194
198
8564
8564
204
8564
279
8564
204
1209
8564
8564
216
8564
8564
540
8564
204
2298
231
279
204
8564
2298
3838
8564
8564
8564
8564
8564
8564
8564
8564
8564
8564
8564
252
8564
8564
8564
8564
198
204
8564
8564
8564
8564
216
8564
8564
540
8564
8564
204
8564
2298
8564
194
198
8564
8564
8564
8564
204
8564
279
8564
8564
8564
204
1950
8564
279
190
8564
8564
8564
216
8564
231
8564
8564
279
204
826
8564
216
8564
8564
540
8564
8564
204
8564
8564
194
198
8564
8564
204
8564
279
8564
204
1950
8564
279
8564
8564
8564
204
8564
8564
420
420
192
1950
8564
279
8564
8564
8564
8564
204
231
8564
8564
8564
279
204
826
194
198
8564
204
8564
540
8564
204
3604
192
8564
8564
216
231
8564
8564
8564
8564
8564
8564
8564
8564
8564
8564
8564
279
8564
8564
204
1209
826
194
198
8564
8564
8564
204
8564
8564
8564
8564
8564
8564
216
8564
8564
1513
279
8564
8564
204
8564
2298
192
8564
8564
8564
8564
216
8564
231
279
8564
204
8564
1950
8564
1950
8564
3732
194
198
8564
204
826
2298
8564
8564
2298
8564
8564
8564
8564
8564
279
204
826
2298
8564
1950
8564
279
204
3732
194
198
204
3604
1950
8564
8564
2298
8564
279
279
204
204
826
2298
204
420
1950
8564
279
8564
190
2298
3604
8564
198
8564
204
279
204
3732
8564
3604
3604
8564
2298
8564
8564
8564
8564
8564
8564
1345
8564
192
192
8564
8564
826
8564
8564
279
204
8564
194
8564
8564
216
1209
8564
8564
1950
8564
8564
540
8564
204
188
2298
8564
279
8564
826
8564
8564
1950
8564
8564
1950
8564
8564
420
1950
8564
420
1950
8564
420
567
8564
8564
8564
279
204
871
8564
194
198
204
8564
216
8564
194
198
8564
8564
8564
8564
204
8564
8564
188
8564
8564
8564
8564
216
8564
198
8564
8564
8564
8564
204
8564
8564
8564
8564
1950
8564
8564
188
8564
216
8564
8564
8564
8564
8564
216
231
826
2298
8564
8564
8564
8564
8564
8564
8564
8564
8564
8564
8564
8564
8564
8564
8564
8564
1345
8564
8564
8564
8564
8564
8564
8564
8564
8564
8564
8564
8564
8564
8564
8564
8564
8564
1345
8564
8564
8564
8564
8564
8564
8564
8564
8564
8564
8564
8564
8564
8564
8564
8564
8564
8564
8564
8564
8564
8564
8564
8564
8564
8564
8564
8564
8564
8564
8564
8564
8564
8564
8564
8564
8564
8564
8564
8564
8564
8564
8564
8564
8564
8564
8564
8564
8564
8564
8564
8564
8564
8564
8564
8564
8564
8564
8564
8564
8564
8564
8564
8564
8564
8564
8564
8564
8564
8564
8564
8564
8564
8564
8564
8564
8564
8564
8564
8564
8564
8564
8564
8564
8564
8564
8564
8564
8564
8564
8564
8564
8564
8564
8564
8564
8564
1345
8564
8564
8564
8564
8564
8564
8564
8564
8564
8564
8564
8564
8564
8564
8564
8564
8564
8564
8564
8564
8564
8564
8564
8564
8564
8564
8564
8564
8564
8564
8564
8564
8564
8564
8564
8564
8564
8564
8564
8564
8564
8564
8564
8564
8564
8564
8564
8564
8564
8564
8564
8564
8564
8564
8564
8564
8564
8564
8564
1209
8564
8564
279
204
826
194
198
8564
204
8564
8564
8564
279
8564
8564
204
8564
1513
279
8564
8564
204
8564
2298
8564
192
8564
8564
279
8564
8564
8564
204
8564
8564
8564
8564
216
826
8564
279
204
8564
8564
279
204
8564
216
8564
8564
8564
216
8564
8564
8564
8564
8564
216
8564
8564
231
1209
1209
8564
216
8564
8564
540
8564
8564
204
8564
8564
1950
8564
8564
826
192
8564
8564
279
204
8564
1950
8564
279
204
420
1950
8564
420
1950
8564
3732
194
420
1950
8564
420
1950
8564
8564
194
8564
1950
3837
420
1950
8564
8564
8564
8564
8564
8564
216
8564
8564
8564
8564
8564
1950
3837
8564
8564
8564
8564
8564
8564
216
8564
8564
8564
8564
8564
8564
279
8564
204
8564
8564
216
8564
8564
1513
279
8564
8564
204
3732
194
420
1950
8564
420
1950
8564
194
8564
1950
3837
8564
8564
8564
8564
8564
8564
8564
216
279
204
420
1950
8564
3732
194
420
1950
8564
420
1950
8564
194
8564
8564
8564
8564
8564
216
3732
194
420
1950
8564
420
1950
8564
194
8564
8564
420
1950
8564
8564
8564
8564
8564
216
8564
231
420
1950
8564
420
1950
8564
420
1950
8564
420
1950
8564
420
1950
8564
420
1950
8564
420
8564
216
8564
8564
540
8564
8564
204
420
8564
8564
1950
8564
8564
420
1950
8564
420
1950
8564
8564
194
198
8564
204
420
8564
8564
420
8564
194
198
8564
204
420
1950
8564
420
8564
8564
1171
1357
8564
420
567
8564
724
234
204
420
8564
8564
687
204
826
194
198
204
279
204
8564
8564
279
420
204
8564
420
8564
8564
8564
279
8564
204
8564
1950
8564
8564
216
8564
8564
279
8564
204
420
1950
8564
8564
216
8564
8564
420
1950
8564
420
1950
8564
420
1950
8564
279
8564
8564
194
4108
8564
204
1950
3837
216
8564
8564
420
1950
8564
826
279
420
1950
8564
8564
8564
194
198
8564
204
8564
279
204
8564
279
204
1950
8564
8564
8564
8564
8564
279
204
3732
8564
216
279
8564
8564
8564
204
8564
8564
8564
8564
8564
3829
8564
8564
8564
194
8564
8564
8564
8564
8564
8564
8564
216
826
192
3732
420
1950
8564
194
194
8564
8564
8564
8564
8564
8564
8564
8564
8564
8564
216
8564
8564
8564
8564
8564
8564
8564
1513
279
8564
8564
204
826
192
3732
420
1950
8564
194
194
8564
8564
8564
8564
8564
8564
8564
8564
8564
8564
216
192
8564
8564
279
8564
8564
8564
8564
8564
8564
216
8564
8564
8564
8564
8564
8564
279
8564
8564
8564
204
8564
8564
8564
8564
8564
216
8564
8564
8564
8564
8564
8564
194
8564
8564
8564
8564
8564
8564
8564
216
8564
8564
8564
8564
8564
8564
8564
8564
8564
8564
8564
8564
8564
8564
8564
8564
8564
8564
216
420
420
8564
8564
8564
8564
4108
420
1950
8564
279
8564
8564
194
8564
420
1950
420
1950
8564
8564
8564
8564
8564
8564
216
420
420
8564
8564
8564
8564
420
1950
8564
279
8564
8564
194
4108
8564
8564
8564
8564
8564
8564
8564
8564
8564
8564
216
8564
8564
8564
8564
8564
8564
8564
8564
8564
8564
216
420
8564
8564
8564
8564
420
1950
8564
279
8564
8564
194
4108
8564
8564
8564
8564
8564
8564
8564
8564
8564
8564
216
8564
8564
8564
8564
8564
216
8564
8564
8564
8564
8564
8564
231
420
1950
8564
420
1950
8564
192
420
1950
8564
420
1950
8564
420
1950
8564
420
1950
8564
8564
420
1950
8564
420
1950
8564
420
1950
8564
8564
8564
8564
279
8564
8564
8564
204
8564
279
8564
8564
8564
204
420
1015
8564
420
1950
8564
279
8564
279
424
279
204
204
420
1950
8564
420
1950
8564
194
8564
8564
8564
8564
8564
216
8564
8564
1513
279
8564
8564
204
204
420
1950
8564
420
1950
8564
194
8564
8564
8564
8564
216
420
1950
8564
194
8564
8564
420
1950
8564
8564
8564
8564
216
420
1950
8564
194
8564
8564
8564
8564
216
8564
8564
8564
231
420
1950
8564
8564
420
1950
8564
420
1950
8564
420
1950
8564
420
1950
8564
420
1950
8564
8564
8564
8564
1950
8564
420
8564
420
8190
8564
8564
420
1950
8564
420
1015
8564
567
8564
420
1950
8564
420
1950
8564
420
1015
8564
420
1950
8564
420
1950
8564
420
1015
8564
420
1950
8564
8564
8564
8564
8564
8564
279
279
424
204
1950
8564
420
1950
8564
1950
8564
279
204
8564
279
8564
204
8564
194
198
8564
204
8564
8564
216
8564
8564
8564
8564
8564
279
204
567
8564
234
8564
204
279
8564
8564
8564
216
8564
8564
188
8564
8564
8564
8564
3732
8564
403
204
403
8564
204
279
8564
8564
8564
8564
8564
204
1950
8564
8564
279
420
1950
8564
8564
8564
8564
204
8564
279
204
420
420
1950
8564
194
8564
192
194
198
8564
204
1950
8564
8564
194
420
1015
8564
1950
8564
8564
420
1950
8564
8564
8564
8564
279
204
8564
8564
8564
8564
216
8564
8564
8564
420
1015
8564
420
1950
8564
279
8564
8564
8564
8564
8564
216
8564
8564
8564
8564
8564
188
409
8564
8564
8564
8564
8564
8564
8564
8564
8564
216
279
8564
8564
8564
8564
8564
204
8564
756
204
420
1950
8564
8564
279
8564
204
8564
8564
8564
8564
8564
8564
8564
8564
216
8564
8564
8564
8564
8564
216
8564
8564
8564
8564
194
567
8564
420
1950
8564
8564
8564
8564
8564
8564
8564
216
8564
8564
8564
8564
8564
8564
1950
3829
420
1950
8564
1950
8564
420
1950
8564
3732
8564
8564
216
8564
8564
1513
279
8564
8564
204
279
8564
204
8564
8564
8564
8564
8564
8564
8564
216
1950
8564
8564
279
8564
8564
8564
8564
204
8564
8564
420
420
1950
8564
1950
8564
8564
8564
216
8564
8564
194
8564
198
204
8564
8564
8564
8564
8564
8564
216
8564
756
204
8564
8564
8564
8564
8564
216
8564
8564
8564
8564
8564
216
279
8564
8564
204
8564
8564
8564
8564
8564
8564
420
1015
8564
8564
8564
194
420
1015
8564
194
513
8564
8564
194
8564
8564
194
8564
8564
194
8564
194
8564
8564
279
204
8564
420
1015
8564
547
8564
279
8564
8564
8564
8564
204
8564
420
1950
8564
8564
1352
194
1015
8564
826
194
198
8564
8564
204
8564
8564
188
420
1015
8564
252
488
8564
204
420
1015
8564
252
1020
8564
204
420
1015
8564
252
1020
8564
8564
8564
204
8564
279
204
567
8564
234
204
1950
8564
279
8564
204
8564
420
1950
8564
8564
826
194
198
8564
8564
8564
204
826
194
198
8564
8564
8564
8564
8564
8564
204
8564
8564
567
8564
8564
420
1950
8564
8564
8564
8564
8564
8564
8564
216
8564
8564
8564
8564
8564
8564
8564
8564
8564
8564
8564
8564
216
8564
8564
8564
8564
188
198
204
8564
279
204
8564
194
1015
8564
198
8564
204
8564
8564
8564
420
420
1950
8564
1950
8564
8564
279
204
8564
8564
279
204
420
3829
8564
8564
3732
8564
194
8564
914
1552
279
8564
204
198
8564
8564
8564
8564
8564
204
8564
8564
8564
8564
8564
194
198
8564
8564
8564
8564
8564
204
8564
8564
8564
8564
8564
1950
8564
279
8564
8564
204
420
1950
8564
8564
8564
8564
8564
216
8564
8564
8564
8564
8564
8564
409
8564
8564
194
8564
8564
8564
8564
8564
216
8564
8564
8564
8564
8564
8564
8564
8564
8564
8564
216
279
8564
8564
8564
204
567
8564
194
198
8564
204
279
204
567
8564
234
8564
204
1950
8564
279
8564
204
8564
420
1950
8564
279
204
8564
8564
8564
216
8564
8564
188
8564
8564
216
8564
8564
8564
8564
8564
216
420
8564
279
204
8564
8564
216
567
8564
194
198
8564
204
8564
420
1950
8564
8564
8564
279
8564
204
567
8564
234
8564
204
4972
630
8564
204
826
279
8564
8564
8564
8564
8564
204
1950
8564
8564
279
8564
8564
8564
8564
8564
8564
8564
8564
8564
204
8564
8564
8564
8564
8564
8564
8564
216
333
1191
586
192
641
8564
8564
190
8564
8564
8564
216
697
1191
8564
8564
8564
234
333
8564
8564
190
8564
8564
8564
420
194
194
412
8564
8564
8564
8564
204
8564
8564
8564
619
567
8564
1191
586
192
641
619
567
8564
697
1191
8564
8564
8564
204
204
420
1950
8564
279
8564
8564
8564
8564
8564
8564
8564
8564
8564
8564
204
8564
8564
8564
8564
8564
8564
8564
8564
8564
8564
8564
216
8564
8564
8564
8564
8564
8564
8564
8564
8564
8564
8564
8564
216
8564
8564
8564
8564
216
333
403
8564
8564
190
8564
8564
216
420
697
1191
1191
8564
8564
8564
234
333
8564
8564
190
8564
194
194
412
8564
204
420
567
8564
697
8564
8564
8564
216
8564
8564
8564
567
8564
403
8564
8564
204
8564
8564
8564
8564
8564
204
8564
279
204
567
8564
234
8564
204
420
1015
8564
198
8564
8564
204
420
420
1015
8564
1950
8564
8564
8564
8564
216
8564
1950
8564
8564
8564
420
1950
8564
8564
826
194
198
8564
8564
204
420
1950
8564
8564
8564
420
1950
8564
8564
194
198
8564
8564
204
8564
198
8564
8564
8564
8564
8564
8564
8564
204
8564
8564
8564
8564
8564
567
8564
8564
8564
8564
8564
8564
8564
216
8564
8564
8564
8564
8564
216
8564
567
8564
8564
8564
8564
8564
8564
216
8564
8564
8564
216
8564
567
8564
8564
8564
8564
8564
8564
216
1950
8564
279
8564
8564
8564
204
8564
3732
8564
194
198
8564
8564
8564
8564
204
8564
194
8564
8564
3732
194
198
8564
204
8564
8564
8564
420
1950
8564
8564
194
8564
420
1950
8564
8564
8564
8564
8564
216
8564
8564
8564
8564
194
198
8564
8564
204
8564
198
8564
8564
8564
8564
8564
204
8564
279
8564
8564
204
8564
3732
8564
8564
8564
8564
8564
216
826
194
198
8564
8564
8564
8564
204
420
1015
8564
1015
8564
8564
1950
8564
194
198
8564
204
8564
1950
8564
194
198
8564
8564
204
8564
420
567
8564
8564
234
8564
8564
8564
8564
204
8564
425
8564
8564
8564
204
8564
425
8564
8564
8564
8564
8564
204
8564
194
198
204
8564
285
420
1950
8564
8564
8564
216
8564
8564
8564
8564
1950
8564
8564
198
8564
8564
8564
8564
8564
204
8564
8564
8564
8564
194
198
8564
8564
8564
8564
204
8564
8564
8564
8564
8564
188
198
8564
8564
8564
8564
8564
8564
8564
8564
204
8564
8564
8564
8564
8564
8564
194
8564
3732
8564
8564
8564
8564
8564
216
8564
8564
8564
8564
198
8564
8564
8564
8564
8564
8564
8564
8564
204
8564
8564
8564
8564
8564
8564
216
333
403
586
192
641
8564
8564
190
8564
8564
8564
216
697
1191
8564
1191
8564
8564
234
333
8564
8564
190
8564
8564
194
194
412
8564
204
420
420
567
8564
697
8564
8564
8564
8564
216
8564
8564
8564
8564
567
8564
403
8564
8564
8564
204
8564
8564
8564
8564
8564
204
8564
194
198
8564
8564
204
194
198
8564
8564
8564
204
8564
420
567
8564
8564
234
8564
8564
8564
8564
8564
204
420
1950
8564
279
8564
8564
8564
8564
204
420
1950
8564
279
204
8564
198
8564
8564
8564
204
3732
279
204
8564
188
8564
194
198
8564
8564
8564
8564
204
8564
8564
8564
216
8564
8564
420
1950
8564
420
1950
8564
420
1950
8564
420
1950
8564
567
194
8564
8564
198
8564
8564
8564
8564
8564
204
8564
8564
8564
8564
194
567
8564
8564
8564
8564
8564
216
420
1015
8564
420
1950
8564
8564
8564
8564
216
420
1015
8564
188
198
8564
8564
204
420
420
1015
8564
1950
8564
8564
8564
8564
216
8564
194
8564
8564
8564
8564
8564
8564
8564
216
8564
8564
8564
216
8564
8564
279
8564
8564
194
8564
8564
8564
8564
8564
8564
8564
216
420
1950
8564
279
8564
8564
8564
204
8564
8564
3829
8564
8564
8564
8564
8564
8564
216
420
8564
8564
420
1950
8564
8564
8564
8564
8564
216
8564
8564
8564
198
8564
8564
204
420
1950
8564
216
8564
420
1950
8564
8564
8564
567
8564
8564
198
8564
8564
8564
204
188
8564
8564
8564
8564
216
8564
8564
8564
194
567
8564
8564
420
1950
8564
8564
8564
8564
8564
8564
8564
8564
8564
216
8564
8564
8564
8564
216
420
1950
8564
8564
8564
8564
8564
216
8564
285
420
1950
8564
8564
216
285
420
1950
8564
8564
8564
8564
216
8564
8564
8564
8564
8564
8564
216
1950
8564
3732
8564
3732
8564
8564
8564
8564
8564
216
1950
8564
279
8564
8564
420
1950
8564
8564
8564
216
8564
1352
194
198
8564
8564
8564
8564
8564
8564
204
8564
194
8564
3732
8564
188
8564
194
198
8564
8564
8564
8564
8564
8564
204
8564
8564
8564
8564
8564
8564
216
8564
8564
194
8564
198
8564
8564
8564
8564
8564
8564
204
8564
1352
279
194
198
8564
8564
8564
204
8564
8564
826
194
198
8564
8564
8564
8564
204
8564
8564
8564
8564
194
8564
8564
420
1950
8564
420
1950
8564
420
1950
8564
8564
567
194
8564
8564
1352
194
198
204
279
8564
204
8564
3732
8564
8564
8564
8564
216
1950
8564
279
8564
204
194
198
420
1950
8564
204
8564
8564
216
1950
8564
279
420
1950
8564
8564
8564
8564
8564
8564
204
8564
8564
8564
8564
8564
216
8564
194
8564
8564
216
8564
8564
8564
8564
8564
8564
216
8564
8564
8564
216
8564
8564
216
8564
8564
8564
216
420
1950
8564
8564
216
8564
8564
231
1950
8564
8564
8564
8564
8564
216
8564
420
1950
8564
3732
8564
8564
8564
8564
216
8564
188
8564
8564
198
194
8564
8564
8564
8564
8564
8564
8564
8564
8564
8564
204
420
1950
8564
8564
8564
8564
8564
8564
216
8564
8564
8564
8564
8564
216
8564
8564
3732
8564
216
8564
194
8564
3732
279
8564
8564
8564
204
8564
8564
8564
8564
8564
8564
8564
216
8564
826
8564
2298
8564
8564
8564
8564
8564
8564
8564
8564
3722
8564
8564
8564
8564
8564
8564
8564
8564
8190
8564
8564
8564
8564
8564
8564
8564
8564
8564
8564
8564
8564
8564
279
279
424
204
1209
1950
8564
8564
420
1950
8564
8564
1209
8564
368
8564
279
204
8564
194
198
204
8564
500
8564
194
198
8564
204
8564
500
8564
1209
8564
8564
201
204
8564
681
279
8564
204
8564
194
198
8564
204
8564
3732
8564
5224
8564
8564
8564
8564
5224
420
1015
8564
8564
420
1950
8564
194
8564
8564
194
198
8564
204
1209
8564
279
204
8564
8564
194
198
204
8564
8564
1352
216
8564
8564
216
8564
279
204
8564
216
8564
8564
216
8564
1513
279
8564
204
2298
8564
8564
216
8564
420
1950
8564
420
1950
8564
279
204
194
8564
8564
1209
420
1015
8564
252
8564
194
8564
194
8564
8564
8564
8564
194
8564
8564
194
198
8564
204
8564
420
1950
8564
194
8564
8564
1209
8564
194
8564
8564
216
8564
500
201
8564
8564
8564
8564
216
192
8564
216
8564
3732
8564
3732
216
192
180
8564
8564
216
500
8564
8564
8564
216
8564
216
231
8564
8564
8564
8564
8564
8564
8564
8564
8564
8564
8564
8564
8564
8564
279
8564
8564
204
8564
540
8564
204
8564
2298
1209
500
194
8564
194
198
8564
8564
204
8564
279
8564
204
1047
192
8564
8564
8564
279
194
198
424
8564
8564
8564
8564
204
8564
8564
8564
8564
279
8564
204
234
8564
8564
204
333
1191
8564
8564
8564
190
8564
216
697
1191
8564
1191
8564
8564
234
333
190
8564
8564
8564
194
194
412
8564
204
420
619
567
8564
8564
8564
216
8564
8564
697
619
567
8564
1303
8564
204
1047
8564
8564
204
192
8564
8564
8564
8564
194
198
279
424
8564
8564
8564
8564
8564
8564
8564
204
567
4972
252
189
8564
204
640
194
630
8564
204
192
279
8564
204
198
8564
204
8564
567
8564
192
279
8564
204
192
640
619
8564
8564
619
8564
8564
8564
216
8564
8564
216
1950
8564
420
192
1950
8564
192
640
619
1950
8564
619
1950
8564
193
619
193
2383
1552
567
567
8564
8564
216
1015
8564
192
1015
8564
640
619
1015
8564
619
1015
8564
8564
216
231
8564
8564
8564
8564
8564
8564
8564
8564
8564
8564
8564
8564
8564
8564
8564
8564
8564
8564
8564
8564
8564
8564
8564
8564
8564
8564
8564
8564
8564
8564
8564
8564
8564
8564
8564
8564
8564
8564
8564
8564
8564
8564
8564
8564
8564
8564
8564
8564
8564
8564
8564
8564
8564
8564
8564
8564
8564
8564
8564
8564
8564
8564
8564
8564
8564
8564
8564
8564
8564
8564
8564
8564
8564
8564
8564
8564
8564
8564
8564
8564
8564
8564
8564
8564
8564
8564
8564
8564
8564
8564
8564
8564
8564
8564
8564
8564
8564
8564
8564
8564
8564
8564
8564
8564
8564
8564
8564
8564
8564
1209
1209
8564
216
8564
8564
540
8564
8564
204
8564
8564
420
1950
8564
420
420
1950
8564
420
1950
8564
420
1950
8564
567
8564
279
204
8564
567
8564
8564
8564
3732
194
420
1015
8564
198
204
420
3732
194
8564
198
8564
204
8564
279
204
420
1950
8564
420
8564
1015
8564
8564
8564
1137
505
194
756
204
188
8564
8564
8564
8564
619
567
8564
420
8564
567
8564
8564
567
8564
567
8564
420
567
8564
420
567
8564
8564
567
8564
567
8564
8564
567
8564
420
567
8564
420
567
8564
420
567
8564
420
567
8564
420
1950
8564
8564
420
1950
8564
420
1950
8564
8564
8564
3732
279
8564
8564
8564
204
8564
1950
567
8564
8564
216
8564
234
8564
8564
204
8564
8564
234
8564
8564
204
8564
8564
8564
194
198
8564
8564
204
8564
8564
234
8564
204
8564
8564
8564
194
198
8564
8564
8564
204
8564
8564
8564
8564
194
198
8564
8564
8564
204
8564
8564
8564
8564
194
198
8564
8564
8564
204
8564
8564
8564
8564
194
198
8564
8564
8564
8564
204
8564
8564
8564
3732
8564
3732
194
198
8564
8564
204
8564
194
198
8564
8564
8564
204
8564
8564
3732
8564
3732
194
198
8564
8564
204
8564
8564
234
8564
8564
204
8564
8564
8564
234
204
8564
234
8564
8564
8564
8564
204
8564
8564
8564
234
204
8564
234
8564
8564
8564
8564
204
8564
8564
8564
234
8564
8564
8564
8564
204
8564
8564
8564
194
198
8564
8564
8564
204
8564
8564
8564
194
198
8564
8564
8564
204
8564
8564
8564
194
198
8564
8564
8564
204
8564
8564
8564
194
198
8564
8564
8564
204
8564
8564
8564
194
198
8564
8564
8564
204
8564
8564
8564
194
198
8564
8564
8564
204
8564
8564
8564
194
198
8564
8564
8564
8564
8564
8564
204
8564
8564
8564
8564
8564
3732
8564
8564
3732
279
8564
8564
8564
8564
8564
8564
8564
204
8564
8564
8564
1352
279
8564
8564
8564
204
1352
279
8564
8564
8564
204
8564
8564
8564
234
8564
204
8564
194
198
204
8564
194
198
204
8564
8564
234
8564
8564
8564
204
8564
8564
194
198
8564
204
8564
194
198
8564
204
8564
8564
234
8564
8564
8564
204
8564
8564
194
198
8564
204
8564
194
198
8564
204
8564
8564
216
8564
194
198
8564
8564
8564
204
8564
8564
8564
8564
216
8564
194
198
8564
8564
204
8564
8564
8564
216
8564
194
198
8564
8564
204
8564
8564
8564
216
8564
194
198
8564
8564
204
8564
8564
8564
216
8564
194
198
8564
204
8564
198
8564
204
826
194
198
8564
8564
204
8564
194
198
8564
204
8564
8564
216
8564
194
198
8564
204
8564
8564
216
8564
194
198
8564
204
8564
194
198
204
8564
8564
194
198
8564
204
8564
8564
8564
8564
1950
3829
8564
8564
8564
8564
8564
216
8564
194
198
8564
8564
8564
204
8564
8564
8564
8564
8564
216
8564
194
198
8564
8564
8564
204
8564
8564
8564
8564
8564
216
8564
194
198
8564
8564
8564
8564
8564
8564
204
8564
8564
8564
8564
8564
8564
8564
8564
8564
8564
8564
216
8564
194
198
204
8564
194
198
204
8564
8564
234
8564
8564
8564
8564
8564
204
8564
8564
8564
194
198
8564
8564
204
8564
194
198
8564
8564
204
8564
8564
234
8564
8564
8564
8564
8564
204
8564
8564
8564
8564
194
198
8564
8564
204
8564
8564
194
198
8564
8564
204
8564
8564
8564
216
8564
194
198
8564
8564
8564
204
8564
8564
8564
8564
8564
216
8564
194
198
8564
8564
8564
204
8564
8564
8564
8564
8564
216
8564
194
198
8564
8564
8564
204
8564
8564
8564
8564
8564
216
8564
194
198
8564
8564
8564
204
8564
8564
8564
8564
8564
216
8564
194
198
204
8564
194
198
204
8564
8564
234
8564
8564
8564
8564
8564
204
8564
8564
8564
194
198
8564
8564
204
8564
194
198
8564
8564
204
8564
8564
8564
216
8564
194
198
8564
8564
204
8564
194
198
8564
8564
204
8564
8564
8564
216
8564
194
198
8564
204
8564
194
198
8564
8564
204
8564
8564
194
198
8564
8564
204
8564
8564
8564
216
8564
8564
8564
216
8564
8564
8564
216
8564
8564
8564
216
8564
8564
8564
8564
8564
8564
216
8564
8564
8564
216
8564
8564
8564
216
8564
567
8564
8564
8564
3732
279
8564
8564
8564
8564
204
8564
8564
8564
216
8564
8564
540
8564
204
420
1015
8564
188
2298
826
192
3732
8564
8564
8564
8564
216
8564
194
198
8564
8564
204
8564
420
1015
8564
216
8564
8564
8564
8564
8564
500
420
1950
8564
1352
8564
279
8564
8564
8564
8564
8564
204
8564
8564
194
198
204
198
8564
8564
204
8564
8564
8564
8564
8564
216
8564
8564
8564
8564
8564
8564
8564
8564
8564
8564
216
8564
8564
826
194
198
8564
8564
8564
8564
204
8564
8564
8564
8564
1950
3829
8564
8564
8564
8564
8564
8564
216
8564
8564
8564
8564
8564
8564
8564
8564
8564
8564
8564
216
8564
8564
8564
8564
8564
8564
8564
8564
8564
216
8564
192
8564
8564
8564
619
567
8564
8564
8564
8564
8564
8564
216
826
192
1352
8564
8564
8564
8564
216
8564
8564
8564
8564
8564
216
8564
8564
8564
8564
8564
216
8564
8564
8564
231
8564
8564
8564
216
8564
8564
8564
8564
527
232
8564
420
1950
8564
194
513
1015
8564
420
1015
8564
188
420
1015
8564
252
1020
204
420
1015
8564
513
8564
216
3604
8564
8564
8564
420
1015
8564
420
1950
8564
420
1950
8564
513
8564
279
8564
8564
8564
204
8564
420
1950
8564
279
8564
8564
8564
204
8564
8564
420
1015
8564
420
1950
8564
826
192
8564
420
1950
8564
2298
8564
8564
8564
8564
279
8564
8564
204
420
1950
8564
8564
216
8564
420
1015
8564
188
420
1950
8564
279
204
189
204
8564
2298
8564
2298
8564
2298
8564
8564
8564
8564
8564
8564
8564
8564
8564
8564
279
204
8564
420
1950
8564
279
8564
8564
204
826
8564
8564
192
3732
2298
8564
420
1950
8564
8564
216
8564
8564
826
8564
192
8564
8564
2298
8564
8564
8564
420
1950
8564
420
1015
8564
188
8564
3604
8564
8564
8564
420
1950
8564
420
1015
8564
188
8564
3604
8564
8564
8564
8564
8564
420
1950
8564
8564
420
8564
420
1950
8564
279
204
8564
216
420
1950
8564
420
420
1015
8564
1950
8564
420
1950
8564
420
1950
8564
420
1950
8564
420
1950
8564
279
204
8564
8564
216
420
1015
8564
420
420
1950
8564
420
1950
8564
420
1950
8564
420
1950
8564
420
1950
8564
420
1950
8564
420
1950
8564
420
1950
8564
8564
420
1015
8564
420
1950
8564
420
1950
8564
1950
8564
420
1015
8564
420
1950
8564
8564
8564
8564
420
1950
8564
279
8564
204
420
1950
8564
8564
216
8564
420
1015
8564
2298
8564
8564
8564
8564
3732
420
1950
8564
420
1950
8564
279
204
8564
216
420
1950
8564
279
204
8564
216
8564
420
1015
8564
2298
8564
8564
1345
8564
8564
8564
8564
8564
8564
8564
8564
8564
8564
8564
8564
1345
8564
8564
8564
8564
8564
1345
8564
8564
8564
8564
8564
8564
8564
8564
8564
1209
500
8564
194
198
8564
8564
609
619
567
8564
500
8564
619
567
8564
180
8564
609
619
255
8564
8564
1015
8564
255
567
8564
1209
180
8564
619
255
8564
8564
1015
8564
255
567
8564
8564
420
1015
8564
188
8564
8564
8564
8564
8564
420
1950
8564
194
198
204
420
1950
8564
8564
8564
8564
687
8564
204
420
1950
8564
279
8564
420
8564
204
1950
8564
279
8564
204
8564
8564
8564
420
1950
8564
8564
8564
8564
8564
8564
8564
8564
8564
8564
420
8564
8564
8564
420
8564
8564
8564
420
8564
8564
8564
420
8564
8564
8564
420
8564
8564
8564
420
8564
8564
8564
420
8564
8564
8564
420
8564
8564
8564
420
8564
8564
8564
420
8564
8564
8564
420
8564
8564
8564
8564
1352
194
198
8564
204
8564
8564
8564
8564
8564
8564
8564
216
8564
8564
8564
8564
420
1950
8564
8564
420
1950
8564
279
204
8564
8564
420
8564
192
1950
8564
420
1950
8564
420
193
2383
1552
567
8564
8564
8564
3732
194
198
8564
8564
8564
8564
204
8564
8564
8564
687
204
1352
194
198
204
8564
1209
2383
1552
180
8564
8564
4024
8564
8564
8564
8564
216
8564
8564
8564
420
1950
8564
8564
204
1137
505
8564
188
8564
192
194
8564
420
1015
8564
8564
420
1950
8564
420
1950
8564
612
420
1015
8564
8564
420
1015
8564
420
1950
8564
420
1015
8564
8564
420
1950
8564
8564
1513
279
8564
204
2298
8564
1209
2383
1552
180
8564
8564
4024
8564
420
1015
8564
8564
8564
8564
8564
8564
8564
8564
216
420
1950
8564
279
204
3732
194
198
8564
204
8564
8564
279
8564
8564
4605
8564
8564
8564
8564
8564
8564
8564
204
8564
8564
420
1950
8564
8564
8564
8564
420
1950
8564
8564
420
1950
8564
8564
8564
8564
687
8564
8564
204
8564
420
8564
8564
8564
8564
8564
8564
8564
8564
8564
8564
8564
8564
420
8564
8564
8564
420
8564
8564
8564
420
8564
8564
8564
420
8564
8564
8564
420
8564
8564
8564
420
8564
8564
8564
420
8564
8564
8564
420
8564
8564
8564
420
8564
8564
8564
420
8564
8564
8564
420
8564
8564
8564
420
8564
8564
8564
8564
234
8564
8564
8564
8564
8564
204
8564
8564
216
8564
8564
8564
4024
1006
8564
8564
4605
8564
8564
8564
8564
198
8564
8564
8564
8564
204
8564
8564
8564
8564
420
8564
192
1950
8564
420
1950
8564
420
193
2383
1552
567
8564
8564
1171
8564
8564
8564
4605
420
8564
8564
8564
420
8564
8564
8564
8564
216
8564
8564
8564
8564
8564
8564
216
420
1950
8564
3732
8564
8564
8564
8564
8564
8564
8564
8564
8564
8564
420
8564
8564
8564
8564
8564
420
8564
8564
8564
8564
8564
420
8564
8564
8564
8564
8564
420
8564
8564
8564
8564
8564
420
8564
8564
8564
8564
8564
420
8564
8564
8564
8564
234
8564
8564
8564
8564
8564
8564
204
8564
8564
8564
8564
8564
8564
8564
216
420
8564
8564
8564
234
8564
8564
8564
8564
204
8564
8564
8564
8564
8564
216
8564
8564
8564
4605
8564
8564
216
8564
8564
4024
1006
8564
8564
8564
198
8564
8564
8564
8564
8564
8564
204
8564
8564
420
420
1950
8564
192
1950
8564
420
1950
8564
420
193
2383
1552
567
8564
8564
8564
8564
420
8564
1171
8564
8564
4605
420
8564
8564
8564
8564
8564
8564
8564
216
231
8564
8564
8564
8564
8564
8564
8564
8564
8564
8564
8564
8564
826
826
8564
279
204
8564
8564
279
204
8564
8564
8564
8564
194
756
8564
204
1209
420
1950
8564
216
826
333
194
412
8564
8564
204
8564
8564
8564
8564
279
8564
204
826
333
192
1352
8564
194
412
8564
8564
8564
204
8564
192
8564
216
8564
2298
826
192
3732
8564
8564
8564
216
8564
8564
8564
567
8564
527
232
826
192
3732
8564
8564
8564
216
8564
420
1015
8564
756
204
513
8564
3604
8564
2298
8564
420
1015
8564
756
204
513
8564
3604
8564
2298
8564
194
198
8564
204
420
567
8564
724
234
8564
204
420
1015
8564
513
8564
3604
8564
2298
8564
420
567
8564
724
234
8564
204
420
1015
8564
513
8564
3604
8564
2298
8564
8564
8564
194
198
8564
204
420
1015
8564
198
8564
204
8564
2298
420
1015
8564
198
8564
8564
204
420
567
8564
724
234
586
8564
216
420
1950
8564
198
8564
8564
204
188
420
1015
8564
198
8564
8564
204
420
1015
8564
198
8564
8564
204
420
567
8564
724
234
586
8564
216
8564
8564
2298
8564
8564
420
1015
8564
198
8564
204
420
567
8564
724
234
586
8564
216
8564
2298
8564
420
1950
8564
420
1950
8564
420
1015
8564
198
204
420
1950
8564
420
1950
8564
193
332
8564
190
884
204
420
1950
8564
619
1950
1950
194
8564
8564
420
1950
8564
619
8564
2298
8564
8564
8564
3604
420
1950
8564
8564
1137
505
2298
8564
8564
8564
8564
8564
8564
8564
1345
8564
8564
8564
8564
8564
8564
8564
8564
8564
420
1950
8564
279
8564
204
8564
420
1015
8564
420
1950
8564
634
279
8564
204
420
1950
8564
8564
8564
8564
8564
8564
8564
216
8564
8564
8564
8564
8564
8564
8564
1950
8564
8564
8564
8564
8564
8564
8564
420
8564
8564
8564
8564
420
1950
8564
420
1950
8564
420
1015
8564
8564
216
8564
2298
8564
279
8564
204
8564
826
194
420
1015
8564
8564
8564
8564
216
8564
188
8564
8564
8564
420
1950
8564
279
8564
204
420
1950
8564
420
1015
8564
8564
8564
8564
8564
8564
8564
216
8564
194
8564
826
420
1950
8564
194
8564
3732
8564
3732
2298
8564
8564
8564
8564
8564
8564
8564
8564
192
8564
8564
188
198
204
8564
8564
8564
198
8564
204
8564
198
204
8564
8564
279
204
8564
540
204
420
1950
8564
420
1950
8564
420
1950
8564
8564
8564
8564
8564
8564
3732
8564
8564
8564
496
204
8564
216
279
204
194
8564
3732
420
1950
8564
194
8564
8564
8564
216
8564
8564
8564
216
8564
8564
8564
3732
2298
8564
216
8564
216
8564
8564
8564
216
8564
420
1950
8564
420
1015
8564
8564
252
2298
8564
8564
8564
420
1015
8564
420
1950
8564
420
1015
8564
188
8564
2298
8564
8564
8564
8564
8564
420
1950
8564
420
1950
8564
420
1015
8564
1015
8564
765
8564
420
1015
8564
8564
420
1950
8564
8564
188
420
1950
8564
8564
2298
8564
8564
8564
8564
8564
8564
8564
8564
8564
8564
8564
1345
1345
1345
8564
8564
1006
8564
871
8564
8564
1194
8564
8564
1513
279
8564
8564
204
8564
2298
231
420
1006
8564
8564
8564
1950
8564
8564
194
198
8564
204
420
1950
8564
420
1015
8564
198
8564
204
8564
194
198
8564
204
420
1950
8564
8564
216
8564
8564
8564
8564
8564
8564
8564
216
8564
194
8564
8564
1513
279
8564
8564
204
871
8564
8564
188
8564
188
420
1950
8564
8564
826
884
204
8564
8564
8564
216
8564
8564
8564
188
8564
252
1020
8564
204
660
194
1137
505
827
2383
194
949
949
670
765
188
8564
216
8564
8564
188
194
198
8564
1020
8564
204
8564
204
8564
8564
8564
216
586
8564
8564
8564
8564
216
1552
8564
2383
641
8564
8564
8564
216
231
8564
8564
8564
8564
8564
8564
8564
8564
8564
8564
420
567
8564
724
234
8564
204
420
1015
8564
513
8564
8564
216
8564
420
1015
8564
420
1015
8564
513
8564
194
412
204
826
420
1950
8564
3732
8564
8564
8564
279
204
8564
8564
216
8564
420
1950
8564
8564
420
1950
8564
420
1950
8564
8564
8564
279
204
420
1950
8564
8564
216
8564
8564
8564
496
204
8564
8564
8564
8564
8564
194
198
8564
204
8564
2298
8564
216
192
8564
8564
8564
420
1950
8564
8564
2298
8564
8564
216
8564
8564
216
420
1950
8564
420
8564
8564
1015
8564
8564
8564
8564
8564
8564
8564
420
1950
8564
8564
8564
420
1950
8564
8564
216
8564
192
194
198
8564
8564
204
192
420
1950
8564
420
1015
8564
188
8564
8564
216
8564
8564
188
8564
188
8564
188
8564
8564
8564
8564
8564
8564
8564
8564
2298
8564
8564
8564
8564
8564
420
1950
8564
279
204
540
8564
8564
8564
204
540
8564
8564
204
8564
420
1950
8564
279
8564
204
420
1015
8564
188
420
1950
8564
8564
2298
8564
420
1950
8564
8564
2298
8564
8564
8564
8564
8564
8564
8564
8564
8564
8564
8564
8564
8564
8564
8564
8564
8564
8564
8564
8564
279
8564
8564
8564
8564
204
8564
8564
8564
420
1950
8564
420
1950
8564
8564
279
8564
204
279
8564
204
420
1950
8564
3732
8564
8564
216
8564
420
3732
8564
3732
8564
8564
216
8564
333
192
8564
8564
8564
8564
279
8564
8564
8564
8564
8564
204
8564
8564
8564
8564
8564
8564
8564
279
8564
8564
8564
8564
204
8564
8564
420
333
192
8564
8564
8564
8564
8564
279
8564
8564
8564
8564
204
8564
8564
8564
8564
8564
8564
1513
279
8564
204
2298
231
8564
8564
420
8564
8564
3732
8564
8564
8564
2298
8564
8564
8564
420
1950
8564
279
8564
204
194
198
8564
216
8564
540
204
8564
204
420
1015
8564
198
8564
8564
204
420
1950
8564
279
8564
8564
8564
204
8564
2298
8564
8564
8564
8564
8564
1345
8564
8564
8564
8564
420
1015
8564
188
198
8564
204
420
1950
8564
540
8564
204
8564
8564
2298
420
567
8564
724
234
8564
8564
204
252
192
8564
1015
8564
253
8564
826
192
279
8564
8564
204
8564
8564
194
8564
8564
8564
8564
216
8564
194
198
204
420
1950
8564
420
1015
8564
279
8564
8564
204
8564
216
420
1950
8564
279
8564
204
8564
420
1015
8564
198
8564
204
420
567
8564
8564
234
204
192
8564
8564
8564
194
8564
8564
8564
8564
216
8564
8564
194
198
8564
8564
204
8564
279
8564
8564
8564
204
8564
420
1950
8564
420
1950
8564
1552
279
279
8564
424
8564
204
8564
204
8564
279
8564
204
8564
2298
192
8564
8564
8564
188
8564
420
1950
8564
8564
216
8564
2298
8564
8564
8564
8564
8564
8564
8564
8564
8564
1345
8564
8564
8564
1345
1345
8564
8564
8564
8564
1345
1345
8564
8564
8564
1345
8564
8564
8564
1345
8564
8564
8564
8564
8564
8564
8564
8564
1345
8564
8564
1950
8564
8564
8564
1950
8564
192
279
8564
204
8564
279
8564
204
8564
8564
198
8564
204
1209
420
1950
8564
420
1015
8564
198
8564
8564
8564
204
8564
8564
1513
279
8564
8564
204
8564
2298
8564
8564
8564
8564
8564
216
279
198
424
8564
8564
204
8564
8564
188
420
1950
8564
8564
420
1950
8564
8564
420
1950
8564
420
1950
8564
8564
8564
8564
8564
8564
216
420
1950
8564
279
8564
204
420
1950
8564
8564
216
1006
8564
8564
1137
505
1015
8564
8564
8564
216
231
8564
420
8564
1950
8564
420
1015
8564
198
8564
204
420
567
8564
724
234
8564
8564
204
8564
8564
8564
1015
420
1950
8564
1950
8564
420
1950
8564
420
1950
8564
540
8564
204
1006
1950
8564
8564
8564
8564
216
8564
279
8564
8564
8564
8564
8564
8564
8564
8564
204
8564
8564
8564
8564
1209
420
1015
420
1950
420
1950
420
1950
8564
8564
8564
8564
216
420
1950
8564
420
1950
8564
8564
8564
194
756
204
8564
420
1015
8564
198
8564
204
192
8564
198
756
8564
8564
8564
8564
204
8564
8564
420
1015
8564
198
204
1137
505
420
1950
8564
8564
420
1950
8564
8564
194
198
8564
8564
204
8564
192
8564
8564
8564
8564
8564
216
8564
8564
8564
8564
8564
279
8564
8564
8564
8564
8564
8564
8564
8564
204
8564
8564
8564
8564
8564
420
1015
8564
198
8564
204
8564
8564
194
198
8564
204
8564
192
198
8564
8564
188
190
8564
194
198
756
8564
8564
8564
8564
8564
8564
8564
204
8564
8564
8564
8564
8564
8564
204
8564
8564
826
547
198
204
194
198
8564
204
640
192
8564
8564
8564
8564
8564
192
1354
8564
1352
194
198
8564
204
8564
198
8564
8564
204
198
8564
8564
204
625
188
189
204
8564
8564
8564
8564
8564
216
420
1950
8564
8564
8564
216
8564
8564
8564
8564
216
8564
8564
8564
540
8564
8564
204
192
198
204
8564
8564
8564
8564
8564
8564
216
826
194
8564
8564
8564
216
420
1950
8564
1137
505
540
8564
8564
424
8564
204
1137
8564
8564
8564
420
1950
8564
1950
8564
8564
8564
216
8564
188
8564
8564
8564
8564
216
1950
8564
1006
8564
194
198
8564
8564
204
8564
198
8564
204
8564
724
234
8564
8564
204
8564
8564
8564
8564
420
1950
8564
420
1950
8564
540
204
8564
216
279
8564
204
1950
8564
8564
8564
279
8564
204
8564
252
420
1950
8564
332
204
8564
194
8564
420
1015
8564
8564
8564
285
192
420
1950
8564
8564
216
8564
8564
420
1015
8564
8564
216
8564
826
194
188
3732
8564
8564
8564
8564
8564
216
826
826
192
194
1352
8564
8564
8564
8564
8564
216
420
1950
8564
8564
8564
216
8564
420
1950
8564
8564
8564
216
420
1950
8564
8564
8564
8564
8564
216
231
8564
8564
420
1950
8564
192
188
8564
8564
252
2298
8564
194
8564
2298
8564
8564
8564
8564
420
1950
8564
279
8564
8564
8564
204
8564
420
1950
8564
279
8564
8564
204
8564
420
1015
8564
198
8564
204
420
567
8564
8564
234
8564
204
420
1950
8564
279
8564
8564
8564
204
8564
8564
216
8564
2298
8564
8564
8564
252
252
420
1950
8564
420
1950
8564
420
1950
8564
2298
8564
8564
420
1950
8564
279
204
8564
194
198
8564
8564
204
420
1950
8564
279
8564
204
8564
8564
216
8564
420
1950
8564
2298
8564
8564
8564
8564
8564
8564
8564
8564
8564
1345
8564
8564
8564
8564
8564
8564
8564
8564
8564
8564
8564
8564
8564
8564
8564
8564
8564
8564
8564
8564
8564
8564
8564
8564
8564
8564
8564
8564
8564
8564
8564
1345
8564
8564
8564
8564
8564
8564
1345
8564
8564
8564
8564
8564
8564
8564
8564
8564
8564
8564
8564
8564
8564
8564
8564
8564
8564
8564
8564
8564
8564
8564
8564
8564
8564
8564
8564
8564
8564
8564
8564
8564
8564
8564
8564
8564
8564
8564
8564
8564
8564
8564
8564
8564
8564
8564
8564
8564
8564
8564
8564
1345
8564
8564
8564
8564
8564
8564
8564
8564
8564
8564
8564
8564
1345
8564
8564
8564
8564
8564
8564
8564
8564
8564
1345
8564
1209
8564
826
8564
198
8564
8564
8564
8564
8564
8564
8564
204
8564
8564
8564
8564
8564
8564
8564
8564
8564
8564
8564
8564
8564
8564
8564
8564
216
8564
8564
8564
8564
8564
8564
8564
194
420
1015
8564
653
198
8564
204
420
1950
8564
1352
194
8564
8564
8564
8564
8564
8564
8564
8564
8564
8564
8564
8564
8564
914
420
1950
8564
420
1950
8564
8564
8564
279
279
424
204
420
1015
8564
188
8564
1015
8564
513
198
198
424
204
420
198
8564
8564
8564
8564
8564
8564
8564
204
8564
8564
8564
8564
8564
8564
8564
8564
8564
420
1950
8564
420
1950
8564
193
798
8564
8564
8564
8564
8564
204
8564
8564
8564
198
8564
8564
8564
8564
204
8564
8564
188
198
8564
204
198
8564
8564
204
425
630
8564
8564
204
8564
420
1950
8564
420
1015
8564
420
1015
8564
8564
8564
8564
8564
8564
216
8564
8564
8564
8564
8564
194
198
204
420
1950
8564
279
8564
204
8564
420
1950
8564
420
1015
8564
198
204
420
1950
8564
420
403
204
1552
4645
192
977
8564
204
188
420
567
8564
724
234
8564
204
420
1950
8564
977
279
8564
8564
8564
204
8564
420
1015
8564
420
1950
8564
420
420
1015
8564
420
1015
8564
420
1015
8564
420
1015
8564
420
1015
8564
420
1015
8564
8564
1950
8564
8564
8564
234
8564
204
188
420
1015
8564
8564
8564
8564
8564
8564
216
8564
8564
8564
8564
8564
8564
8564
420
1950
8564
420
420
1950
8564
279
204
567
4972
252
420
1950
8564
8564
279
8564
204
8564
567
4972
252
8564
641
8564
216
420
1950
3829
1950
8564
8564
279
8564
8564
204
8564
8564
216
420
1015
8564
420
1015
8564
420
1015
8564
420
1015
8564
420
1015
8564
251
204
251
204
420
1015
8564
216
8564
1352
194
198
8564
204
8564
198
8564
8564
204
8564
188
8564
771
8564
204
8564
420
8564
279
204
420
1950
8564
420
8564
8564
216
8564
403
8564
204
8564
1137
8564
1015
8564
252
8564
2298
420
1950
8564
8564
8564
8564
8564
8564
216
8564
8564
198
8564
8564
204
425
630
8564
8564
8564
204
8564
420
1015
8564
420
1950
8564
8564
8564
420
1950
3829
8564
8564
420
1950
8564
420
567
8564
8564
234
8564
8564
8564
204
8564
198
8564
8564
8564
8564
8564
8564
8564
8564
204
8564
8564
8564
8564
8564
8564
8564
198
8564
8564
8564
8564
8564
8564
8564
8564
8564
8564
8564
8564
8564
8564
204
8564
8564
8564
8564
8564
8564
567
8564
8564
826
8564
216
8564
420
1950
8564
8564
1513
279
8564
204
2298
8564
194
8564
420
1950
8564
420
1950
8564
8564
3732
8564
8564
194
198
8564
8564
8564
204
8564
420
1950
8564
8564
194
198
8564
204
8564
8564
8564
8564
8564
420
1950
8564
8564
216
8564
8564
8564
826
8564
420
1950
8564
8564
420
1015
8564
420
1950
8564
420
1015
8564
188
8564
8564
8564
420
1015
8564
513
8564
8564
8564
420
1950
8564
8564
8564
420
1015
8564
756
8564
8564
8564
204
513
8564
8564
8564
216
8564
8564
420
1950
8564
8564
8564
216
826
194
198
8564
8564
8564
8564
204
8564
420
1015
8564
8564
8564
8564
188
8564
8564
8564
8564
8564
216
188
420
1015
8564
8564
8564
216
8564
8564
8564
8564
420
1950
8564
8564
192
420
1950
8564
420
1015
8564
188
420
1950
8564
420
1015
8564
188
420
1950
8564
8564
188
8564
8564
8564
198
8564
8564
204
420
1015
8564
188
198
8564
8564
8564
204
8564
8564
8564
8564
8564
8564
8564
216
8564
8564
194
198
8564
204
8564
198
8564
204
1552
279
8564
204
188
420
1015
8564
188
420
1015
8564
198
8564
8564
8564
8564
8564
8564
204
8564
8564
8564
8564
8564
8564
1015
8564
412
204
420
1015
8564
8564
8564
216
8564
8564
8564
513
8564
420
1015
8564
756
204
513
8564
8564
8564
8564
8564
216
8564
8564
8564
8564
8564
8564
8564
8564
8564
8564
216
8564
420
1015
8564
198
8564
8564
204
188
420
567
8564
724
234
8564
8564
8564
204
420
1950
8564
420
1950
8564
420
1950
8564
540
8564
612
8564
8564
8564
8564
8564
8564
8564
8564
8564
8564
204
8564
192
420
1015
8564
188
420
1950
8564
420
1950
8564
420
1015
8564
188
420
1950
8564
420
1015
8564
188
420
1950
8564
8564
188
420
1950
8564
8564
8564
8564
8564
8564
216
8564
8564
8564
8564
8564
192
567
8564
420
420
1950
8564
8564
8564
8564
8564
8564
8564
216
8564
420
1015
8564
188
420
1950
8564
420
1950
8564
420
1015
8564
188
420
1950
8564
420
1015
8564
188
420
1950
8564
8564
188
8564
8564
8564
8564
8564
216
8564
8564
8564
216
8564
8564
279
8564
8564
8564
8564
8564
8564
204
420
1950
8564
8564
420
1950
8564
279
204
8564
194
198
8564
204
8564
420
1950
8564
216
8564
8564
420
1950
8564
279
420
1015
8564
188
420
1015
8564
198
8564
424
8564
8564
8564
8564
8564
204
420
1015
8564
420
198
8564
204
188
420
1015
8564
547
8564
1950
8564
8564
420
1015
8564
420
1950
8564
420
1015
8564
188
8564
8564
420
1950
8564
8564
8564
8564
8564
8564
8564
216
8564
8564
279
8564
8564
8564
8564
8564
204
8564
8564
8564
8564
8564
420
1950
8564
8564
8564
8564
8564
8564
8564
8564
216
8564
8564
8564
8564
8564
8564
8564
8564
198
8564
8564
8564
8564
8564
8564
8564
8564
8564
8564
8564
8564
8564
8564
8564
204
8564
216
8564
420
1950
8564
279
8564
8564
204
567
8564
234
8564
8564
8564
204
8564
8564
8564
8564
420
1950
8564
8564
194
198
204
8564
420
1015
8564
420
1950
8564
8564
8564
8564
8564
8564
216
8564
420
1950
3829
8564
8564
420
1950
8564
420
567
8564
8564
234
204
8564
8564
8564
194
198
8564
8564
8564
8564
8564
204
420
1015
8564
198
8564
8564
8564
8564
8564
8564
8564
8564
8564
204
8564
8564
8564
8564
8564
420
1950
8564
8564
420
1015
8564
756
204
513
8564
8564
216
188
8564
420
1950
8564
8564
8564
8564
8564
216
251
204
420
1015
8564
216
8564
8564
420
1950
8564
279
8564
8564
8564
204
826
8564
420
1950
8564
194
8564
8564
8564
420
420
1950
8564
420
1950
8564
420
1950
8564
279
8564
204
567
4972
252
8564
216
8564
1950
8564
8564
8564
8564
8564
8564
8564
216
1950
8564
8564
1015
8564
188
420
1015
8564
252
488
204
420
1950
8564
420
8564
8564
8564
8564
216
8564
8564
8564
420
1950
8564
8564
8564
8564
8564
8564
216
8564
771
8564
204
8564
771
8564
204
420
1950
8564
420
403
204
188
8564
8564
420
1950
8564
8564
8564
8564
8564
8564
216
420
1950
8564
420
1950
8564
420
8564
420
1950
8564
8564
8564
8564
8564
8564
216
420
1015
8564
216
1015
8564
412
612
8564
8564
8564
8564
8564
8564
8564
216
8564
8564
8564
8564
8564
216
420
1950
8564
3732
8564
420
1950
8564
8564
8564
8564
8564
8564
216
1950
8564
420
1950
8564
1354
216
8564
3732
420
1950
8564
8564
8564
8564
8564
8564
216
8564
420
1950
8564
279
8564
8564
204
420
1950
3829
1950
8564
8564
216
420
1015
8564
420
1950
8564
198
8564
204
420
403
204
1552
4645
192
279
8564
204
8564
8564
194
8564
8564
8564
8564
8564
216
420
1015
8564
420
1950
8564
420
1015
8564
188
8564
8564
8564
8564
8564
216
8564
8564
826
8564
216
420
1015
8564
420
1950
8564
420
1015
8564
188
8564
8564
420
1015
8564
420
1015
8564
8564
8564
8564
8564
8564
8564
216
198
420
8564
8564
8564
204
403
204
1552
4645
192
279
8564
204
420
1015
8564
547
8564
8564
8564
8564
420
1950
8564
8564
8564
420
1015
8564
8564
8564
8564
216
8564
8564
420
1950
8564
3732
3829
8564
420
420
1015
8564
188
8564
194
198
8564
8564
8564
204
8564
1015
8564
188
420
1015
8564
8564
8564
216
8564
8564
8564
8564
8564
8564
216
1552
4645
192
279
8564
204
8564
8564
8564
216
8564
8564
8564
8564
8564
216
231
420
1950
8564
8564
8564
216
8564
8564
8564
8564
8564
8564
8564
216
8564
8564
8564
8564
8564
8564
8564
8564
8564
8564
8564
1137
505
8564
826
8564
8564
505
194
1015
8564
660
1137
8564
420
1950
8564
505
8564
420
1950
8564
826
420
1950
8564
756
204
640
192
8564
1209
1209
8564
8564
8564
216
420
420
8564
8564
8564
216
8564
8564
8564
619
826
1950
8564
8564
8564
619
420
1015
8564
1950
8564
1354
8564
619
1950
8564
1354
8564
1137
8564
619
1950
8564
619
420
1950
8564
420
1950
8564
194
420
1015
8564
420
1015
8564
420
1015
8564
540
8564
204
8564
540
8564
204
2298
231
8564
8564
8564
8564
8564
8564
8564
8564
8564
8564
8564
194
8564
756
8564
8564
8564
8564
204
8564
8564
8564
420
1950
8564
333
192
619
3732
8564
1137
505
488
420
8564
8564
8564
8564
204
8564
420
1950
8564
420
1950
8564
420
1950
8564
8564
8564
2298
8564
8564
8564
8564
194
756
204
420
1950
8564
216
420
1137
505
488
8564
8564
204
8564
8564
1137
619
420
1015
8564
198
204
420
420
1950
8564
8564
619
8564
8564
420
619
1950
8564
1137
505
488
8564
204
8564
8564
216
252
8564
216
8564
2298
8564
8564
8564
8564
194
198
204
420
1950
1137
505
8564
216
420
332
8564
8564
204
8564
1137
8564
619
420
1015
8564
198
204
420
420
1950
8564
420
1950
8564
8564
8564
332
8564
8564
204
8564
8564
216
8564
2298
8564
8564
8564
8564
8564
8564
8564
8564
8564
8564
8564
8564
8564
8564
420
1950
8564
8564
8564
194
192
564
198
204
252
194
949
188
1137
192
641
2095
1137
505
420
1950
1137
505
8564
8564
216
8564
8564
279
204
8564
1137
619
420
1015
8564
198
8564
8564
204
1352
194
198
8564
204
420
420
191
540
8564
8564
8564
204
8564
8564
8564
216
8564
619
420
1015
8564
198
8564
8564
8564
8564
204
8564
8564
3732
420
1950
8564
8564
8564
216
8564
8564
3732
8564
540
8564
204
8564
2298
8564
8564
8564
8564
8564
8564
420
1950
8564
198
8564
204
1209
826
420
1950
8564
279
8564
8564
8564
204
8564
527
232
8564
527
232
231
8564
8564
420
1950
8564
420
1950
8564
2298
8564
420
1950
8564
2298
8564
8564
8564
420
1950
8564
8564
420
1950
8564
420
1950
8564
279
8564
8564
204
194
198
8564
216
8564
420
1950
8564
279
8564
8564
204
204
192
8564
216
1209
8564
8564
3732
2298
8564
8564
8564
420
1950
8564
279
420
1015
8564
188
420
1015
8564
188
204
425
204
420
1950
8564
8564
8564
420
1950
8564
420
1950
8564
279
204
420
1950
8564
216
8564
3732
8564
3732
8564
216
3604
8564
3604
8564
216
8564
420
1950
8564
8564
8564
420
1950
8564
420
1950
8564
420
1950
8564
279
204
420
1950
8564
216
420
1950
8564
8564
8564
3732
2298
8564
8564
8564
1345
3722
1345
8564
8564
8564
8564
8564
8564
8564
8564
8564
8564
1345
3722
1345
8564
8564
8564
8564
8564
8564
8564
8564
8564
8564
1345
1345
8564
1345
1345
1345
8564
8564
1345
1345
1345
8564
8564
8564
8564
8564
8564
8564
8564
8564
8564
8564
8564
1209
1209
8564
216
8564
8564
540
8564
8564
204
8564
1209
8564
420
8564
279
204
194
756
204
1194
1209
420
1950
420
1950
8564
180
1209
420
1950
420
1950
180
194
1209
420
1950
420
1950
420
1950
420
1950
420
1950
420
1950
8564
8564
8564
8564
8564
216
8564
420
619
1950
8564
8564
619
420
1015
8564
198
8564
8564
8564
8564
8564
8564
204
8564
8564
8564
8564
8564
420
1950
8564
8564
8564
8564
8564
216
8564
8564
8564
8564
333
192
420
252
488
8564
8564
8564
8564
8564
204
8564
8564
8564
8564
8564
8564
8564
8564
8564
8564
255
619
1015
8564
198
8564
3732
194
8564
8564
8564
8564
204
420
1950
8564
8564
279
8564
204
567
4972
252
8564
216
8564
420
1950
8564
8564
279
8564
8564
204
567
4972
252
506
8564
8564
216
8564
8564
420
1950
8564
8564
403
8564
204
8564
403
8564
8564
204
8564
420
8564
8564
1459
8564
420
1015
8564
420
4774
858
420
1015
8564
634
1015
8564
8564
8564
188
619
420
1950
8564
8564
420
1950
8564
8564
8564
8564
8564
216
8564
1015
8564
420
8564
513
883
773
547
198
8564
204
619
8564
4774
8564
198
8564
810
420
190
675
234
609
193
193
8564
619
8564
8564
204
612
513
670
8564
8564
619
420
1950
8564
420
1015
8564
420
1950
8564
420
1950
8564
8564
279
8564
198
8564
8564
8564
8564
8564
420
1015
8564
188
8564
8564
8564
420
1015
8564
188
8564
567
8564
4972
252
8564
8564
8564
8564
619
8564
8564
8564
8564
8564
8564
216
547
188
640
506
619
619
8564
8564
8564
216
1209
1209
8564
8564
8564
8564
8564
216
8564
8564
8564
8564
8564
8564
188
567
8564
8564
216
8564
1015
8564
420
513
883
773
547
198
8564
204
4774
8564
198
810
420
190
675
8564
8564
4817
609
193
619
8564
8564
8564
8564
194
8564
8564
216
8564
1015
8564
420
513
883
773
547
198
8564
204
4774
8564
198
810
420
190
675
8564
8564
4817
609
193
619
8564
8564
8564
8564
194
8564
8564
216
8564
1015
8564
420
513
883
773
547
198
8564
204
4774
8564
198
810
420
190
675
8564
8564
4817
609
193
619
8564
8564
8564
8564
194
8564
8564
216
8564
1015
8564
420
513
883
773
547
198
8564
204
4774
8564
198
810
420
190
675
8564
8564
4817
609
193
619
8564
8564
279
8564
204
1015
8564
188
8564
216
8564
8564
8564
216
8564
1015
8564
420
513
883
773
547
198
8564
204
4774
8564
198
810
420
190
675
8564
8564
4817
609
193
619
8564
8564
188
8564
8564
216
8564
1015
8564
420
513
883
773
547
198
8564
204
4774
8564
198
810
420
190
675
8564
8564
4817
609
193
619
8564
8564
8564
1513
279
8564
204
2298
231
8564
8564
8564
8564
8564
216
180
8564
8564
8564
8564
8564
216
8564
8564
8564
8564
8564
500
8564
8564
8564
8564
8564
8564
216
8564
8564
8564
8564
8564
8564
8564
194
756
204
420
1950
420
1950
1137
505
8564
216
8564
8564
8564
8564
216
420
488
8564
8564
204
8564
1137
619
420
1015
8564
198
204
420
420
1015
8564
1950
8564
420
1015
8564
634
756
8564
8564
204
420
8564
252
488
8564
8564
8564
204
8564
2298
252
1137
8564
619
1950
8564
420
1950
8564
540
8564
204
420
567
8564
8564
234
204
192
8564
216
8564
279
204
420
1950
8564
216
3604
8564
3604
8564
3604
8564
8564
8564
826
194
198
204
8564
8564
8564
2298
8564
216
8564
8564
8564
1209
216
8564
198
756
8564
8564
8564
204
8564
8564
1513
279
8564
204
2298
231
8564
8564
8564
8564
8564
8564
8564
8564
8564
3732
2298
8564
8564
8564
8564
8564
8564
8564
8564
8564
8564
1345
8564
1209
8564
8564
420
1950
8564
420
1950
8564
8564
279
204
192
192
420
1950
420
1950
420
1015
192
420
1950
194
8564
216
8564
8564
619
192
194
8564
8564
8564
8564
216
8564
412
204
8564
8564
8564
488
8564
8564
8564
204
8564
8564
8564
826
192
8564
8564
8564
192
8564
1354
194
756
204
198
8564
8564
8564
204
194
198
756
8564
8564
8564
8564
8564
204
1137
505
8564
619
194
765
8564
194
198
756
8564
8564
8564
204
826
192
3732
204
8564
192
279
8564
8564
8564
8564
204
194
198
204
8564
8564
216
488
8564
204
420
1950
8564
8564
540
8564
204
8564
2298
826
192
1352
8564
8564
194
198
192
279
424
8564
8564
8564
204
1137
505
8564
216
192
8564
8564
8564
216
8564
8564
8564
216
8564
192
8564
8564
8564
216
192
8564
8564
216
8564
8564
216
231
8564
8564
8564
8564
8564
8564
8564
8564
8564
8564
8564
8564
8564
417
8564
204
1209
1352
194
198
8564
204
8564
2298
8564
8564
216
1352
194
198
204
4605
687
8564
204
8564
194
198
8564
8564
204
1209
420
609
8564
8564
8564
216
8564
640
619
619
279
8564
8564
8564
8564
8564
204
8564
8564
567
8564
567
8564
700
8564
8564
204
8564
8564
4817
424
8564
8564
8564
190
8564
216
1352
194
198
8564
8564
204
8564
8564
8564
8564
8564
8564
8564
8564
8564
8564
8564
8564
8564
8564
8564
8564
1345
1552
8564
279
8564
8564
204
1950
8564
279
8564
8564
204
8564
8564
333
192
420
279
8564
204
1137
420
505
8564
8564
8564
8564
1950
8564
279
8564
8564
204
1006
198
8564
1209
194
8564
8564
8564
8564
216
420
8564
8564
8564
1137
619
1950
8564
279
8564
8564
8564
8564
8564
8564
204
8564
3732
194
198
204
8564
8564
8564
1950
8564
8564
8564
8564
8564
8564
420
8564
8564
8564
8564
420
8564
8564
8564
8564
420
8564
8564
8564
8564
420
8564
8564
8564
8564
420
8564
8564
8564
8564
420
8564
8564
8564
8564
204
8564
4605
8564
216
8564
8564
194
198
204
420
279
204
1950
8564
279
8564
194
765
1513
194
885
773
756
198
756
8564
8564
8564
8564
8564
8564
204
204
8564
540
8564
204
2298
8564
198
204
8564
8564
188
8564
216
8564
8564
687
687
8564
8564
826
192
3732
8564
216
527
232
826
192
3732
8564
204
8564
216
826
192
3732
8564
216
4024
8564
216
8564
216
231
8564
8564
8564
8564
8564
8564
8564
194
198
204
4605
687
8564
204
420
1950
8564
1552
8564
8564
216
8564
420
1950
8564
216
826
194
198
204
420
1015
8564
198
8564
204
420
1015
8564
420
1950
8564
198
8564
204
3604
1168
687
8564
204
420
1950
8564
858
188
8564
8564
216
8564
420
1950
8564
420
1015
8564
198
204
420
1950
8564
8564
420
1950
8564
3604
8564
8564
8564
8564
8564
8564
8564
8564
8564
567
8564
8564
198
8564
8564
204
8564
8564
8564
8564
204
8564
8564
8564
8564
8564
204
8564
420
1950
8564
567
8564
198
8564
204
8564
8564
8564
8564
8564
204
8564
540
8564
204
1209
8564
8564
8564
8564
216
8564
540
8564
204
8564
2298
8564
8564
8564
216
231
8564
8564
8564
8564
8564
500
8564
8564
8564
8564
279
204
3732
194
198
8564
204
3732
216
8564
1513
279
8564
204
2298
8564
216
231
8564
8564
8564
8564
8564
8564
8564
8564
8564
8564
8564
8564
8564
8564
8564
1950
8564
8564
8564
1950
8564
567
8564
420
1950
8564
567
8564
420
1950
8564
567
8564
8564
1950
8564
567
8564
8564
1950
8564
567
8564
8564
3732
8564
279
8564
8564
204
8564
194
198
8564
204
8564
8564
279
8564
204
8564
8564
194
198
8564
204
8564
567
8564
216
8564
567
8564
8564
216
8564
1209
8564
8564
216
8564
8564
8564
8564
1513
279
8564
204
2298
231
8564
8564
8564
8564
8564
8564
8564
8564
8564
8564
8564
8564
8564
8564
8564
8564
8564
1345
1345
1345
8564
8564
8564
1345
8564
8564
8564
8564
8564
8564
8564
1345
1345
1345
1345
8564
8564
8564
8564
8564
8564
8564
8564
8564
8564
8564
8564
8564
8564
8564
8564
8564
8564
8564
8564
8564
8564
1209
567
8564
8564
198
204
8564
5224
706
5224
706
1950
8564
8564
193
8564
8564
8564
216
8564
8564
8564
8564
540
8564
8564
204
8564
2298
1209
1950
8564
8564
8564
8564
8564
216
8564
231
8564
279
204
8564
5224
8564
8564
8564
8564
8564
216
8564
8564
8564
8564
8564
567
8564
198
8564
8564
8564
204
8564
706
332
8564
8564
8564
204
332
8564
8564
8564
8564
204
1950
8564
8564
8564
8564
216
8564
8564
8564
420
1950
8564
279
8564
8564
8564
8564
8564
8564
204
194
198
8564
8564
204
8564
8564
1950
8564
8564
540
8564
8564
204
8564
8564
216
231
8564
8564
1209
8564
1209
826
194
198
8564
8564
8564
8564
8564
8564
8564
8564
8564
8564
8564
204
8564
8564
8564
8564
8564
8564
8564
8564
8564
8564
8564
8564
204
8564
8564
826
826
826
826
826
194
198
8564
757
826
194
198
8564
192
487
826
8564
194
198
8564
192
487
8564
8564
8564
192
279
204
8564
8564
279
424
8564
8564
8564
204
192
279
204
194
198
8564
204
194
653
198
204
653
198
204
332
8564
8564
204
8564
8564
395
619
4687
332
8564
8564
8564
8564
8564
8564
8564
8564
8564
204
8564
8564
8564
8564
8564
8564
8564
8564
8564
826
194
198
8564
8564
8564
8564
8564
8564
8564
8564
8564
8564
8564
8564
8564
204
8564
1513
279
8564
8564
204
194
192
8564
8564
564
252
756
8564
8564
204
194
8564
216
8564
192
8564
279
8564
204
8564
279
424
8564
8564
8564
204
8564
8564
193
488
8564
8564
8564
204
8564
826
194
198
8564
8564
204
8564
8564
8564
8564
8564
192
194
8564
8564
3732
8564
420
8564
8564
216
194
198
8564
8564
8564
8564
8564
8564
8564
8564
8564
204
188
198
204
8564
279
8564
204
198
8564
204
188
279
8564
8564
8564
8564
8564
8564
8564
8564
8564
8564
204
2383
8564
8564
8564
8564
216
2383
8564
8564
8564
8564
8564
8564
8564
8564
8564
8564
8564
8564
8564
216
2383
8564
826
8564
8564
8564
8564
8564
8564
8564
8564
8564
216
2383
8564
8564
8564
8564
8564
8564
8564
8564
8564
8564
8564
216
8564
8564
8564
8564
8564
8564
8564
8564
8564
8564
216
8564
198
8564
204
8564
2383
8564
8564
8564
8564
216
8564
8564
8564
2383
8564
8564
8564
8564
216
8564
773
198
8564
204
773
198
8564
204
188
194
773
198
8564
8564
8564
8564
8564
8564
8564
8564
8564
8564
204
192
8564
188
8564
8564
8564
8564
8564
8564
8564
8564
8564
216
8564
216
8564
216
8564
188
8564
8564
8564
8564
8564
8564
8564
8564
8564
216
8564
8564
8564
8564
8564
8564
8564
8564
8564
8564
216
8564
216
8564
216
231
8564
8564
198
8564
204
8564
8564
8564
8564
188
8564
8564
216
8564
8564
2298
8564
8564
8564
8564
198
204
2298
8564
194
8564
2298
8564
8564
8564
8564
8564
8564
8564
8564
8564
8564
8564
8564
8564
8564
8564
8564
8564
8564
8564
8564
8564
8564
8564
8564
8564
8564
8564
8564
8564
1345
1345
8564
420
1015
8564
420
1950
8564
8564
8564
871
871
8564
194
198
8564
204
8564
8564
420
1015
8564
8564
188
420
1015
8564
8564
8564
216
8564
540
8564
204
8564
2298
1006
8564
8564
216
231
1209
420
1015
8564
420
1015
8564
8564
824
824
420
1015
8564
198
8564
8564
8564
204
188
826
194
198
8564
8564
8564
204
1006
826
194
198
8564
8564
8564
8564
8564
204
8564
8564
8564
412
412
424
8564
8564
198
424
8564
8564
8564
204
8564
420
1950
8564
279
204
8564
8564
420
1950
8564
194
194
8564
216
420
1950
8564
8564
540
8564
204
192
2298
826
279
8564
8564
8564
204
8564
8564
3732
420
1950
8564
420
1950
8564
826
8564
8564
8564
194
198
8564
279
424
8564
204
8564
194
198
8564
8564
204
8564
8564
216
8564
420
1950
8564
8564
8564
8564
216
8564
8564
3829
8564
3732
8564
8564
8564
216
188
188
826
8564
826
8564
826
8564
8564
8564
977
279
8564
8564
204
8564
641
279
8564
8564
8564
8564
8564
8564
8564
204
424
204
8564
8564
216
8564
8564
216
826
826
8564
8564
8564
8564
8564
8564
194
198
8564
8564
204
8564
8564
1209
8564
279
8564
8564
8564
8564
8564
8564
8564
204
1950
8564
279
8564
8564
8564
8564
8564
8564
8564
204
420
1950
8564
279
8564
8564
8564
8564
8564
8564
8564
204
8564
8564
8564
8564
8564
8564
8564
3732
8564
8564
8564
8564
8564
8564
8564
8564
8564
216
8564
8564
8564
216
8564
8564
216
8564
192
194
198
8564
8564
8564
8564
8564
8564
8564
8564
204
8564
1950
8564
8564
8564
8564
8564
1950
8564
8564
1352
8564
8564
8564
8564
8564
8564
8564
8564
216
231
8564
8564
8564
2298
8564
8564
8564
8564
8564
8564
8564
8564
8564
8564
8564
8564
8564
8564
8564
8564
8564
8564
8564
8564
8564
8564
8564
8564
8564
8564
8564
8564
8564
279
204
3732
192
194
198
8564
8564
8564
8564
8564
204
8564
279
204
8564
8564
279
8564
8564
8564
204
8564
8564
333
192
8564
8564
279
8564
8564
8564
204
279
204
1209
8564
1137
420
505
8564
8564
8564
420
1950
8564
192
420
1950
8564
420
193
2383
1552
567
8564
1137
333
192
1209
180
8564
8564
8564
216
8564
8564
8564
8564
8564
216
8564
8564
8564
8564
333
540
8564
8564
8564
8564
8564
8564
204
8564
8564
8564
279
8564
8564
8564
204
8564
8564
8564
1950
8564
8564
1352
194
198
8564
8564
204
8564
500
420
201
190
8564
8564
216
8564
8564
3732
194
198
8564
204
8564
8564
8564
3732
8564
619
1950
8564
8564
8564
8564
8564
8564
8564
216
8564
192
194
198
8564
8564
8564
8564
8564
204
826
192
1352
8564
8564
8564
8564
8564
8564
8564
216
8564
8564
8564
8564
8564
8564
8564
8564
1950
8564
8564
216
8564
540
8564
204
8564
192
2298
8564
8564
8564
216
8564
8564
8564
216
8564
8564
8564
8564
8564
8564
8564
216
8564
8564
8564
216
231
8564
1006
420
1015
8564
252
1137
420
1950
8564
619
1950
8564
2298
8564
8564
8564
8564
8564
8564
8564
8564
826
192
826
8564
192
194
756
8564
659
332
8564
8564
204
8564
8564
8564
8564
1209
3732
194
198
8564
204
8564
8564
3732
194
198
8564
204
194
653
198
198
424
204
8564
540
8564
204
2298
8564
8564
3732
194
198
8564
204
826
192
3732
8564
216
8564
756
204
8564
279
204
188
3732
4783
8564
8564
216
826
192
3732
8564
8564
216
826
192
3732
8564
8564
216
8564
8564
188
8564
8564
8564
8564
8564
216
8564
188
4783
8564
8564
8564
216
231
8564
8564
8564
8564
8564
8564
8564
8564
8564
8564
8564
8564
8564
8564
8564
8564
8564
8564
8564
8564
8564
8564
8564
8564
8564
8564
8564
8564
8564
8564
8564
8564
8564
8564
8564
8564
8564
8564
8564
8564
8564
8564
8564
8564
8564
8564
8564
8564
8564
8564
8564
8564
8564
8564
8564
8564
8564
8564
8564
8564
8564
8564
8564
8564
8564
8564
8564
8564
8564
8564
8564
8564
8564
8564
8564
8564
1345
8564
8564
8564
8564
8564
8564
8564
8564
8564
8564
8564
8564
8564
8564
8564
8564
8564
8564
8564
8564
8564
8564
8564
8564
8564
8564
8564
8564
8564
8564
8564
8564
8564
8564
8564
8564
8564
8564
8564
8564
8564
8564
8564
8564
8564
8564
8564
8564
8564
8564
8564
8564
8564
8564
8564
8564
8564
8564
8564
8564
8564
8564
8564
8564
8564
8564
8564
8564
8564
8564
8564
8564
8564
8564
8564
8564
8564
8564
8564
8564
8564
8564
8564
8564
8564
8564
8564
8564
8564
8564
8564
8564
8564
8564
8564
8564
8564
8564
8564
8564
8564
8564
8564
8564
8564
8564
8564
8564
8564
8564
8564
8564
8564
8564
8564
8564
8564
8564
8564
8564
8564
8564
8564
8564
8564
8564
8564
8564
8564
8564
8564
8564
8564
8564
8564
8564
8564
8564
8564
8564
8564
8564
8564
8564
8564
8564
8564
8564
8564
8564
8564
8564
8564
8564
8564
8564
8564
8564
8564
8564
8564
8564
8564
8564
8564
8564
8564
8564
8564
8564
8564
8564
8564
8564
8564
8564
8564
8564
8564
8564
8564
8564
8564
8564
8564
8564
8564
8564
8564
8564
8564
8564
8564
8564
8564
8564
8564
8564
8564
8564
8564
8564
8564
8564
8564
8564
8564
8564
8564
8564
8564
8564
8564
8564
8564
8564
8564
8564
8564
8564
8564
188
8564
8564
8564
826
192
826
194
756
204
192
1020
8564
204
8564
8564
1015
8564
826
194
198
8564
204
8564
420
1950
8564
420
1950
8564
420
1950
8564
8564
194
198
8564
204
8564
8564
8564
194
8564
8564
8564
194
8564
8564
198
8564
204
8564
8564
8564
198
8564
204
8564
8564
8564
8564
8564
8564
8564
8564
198
8564
8564
8564
8564
8564
8564
641
641
279
8564
8564
8564
204
826
826
194
198
8564
8564
8564
8564
8564
204
1209
8564
8564
8564
8564
279
8564
8564
8564
8564
204
420
1950
8564
420
1950
420
1950
420
1950
8564
8564
8564
8564
8564
8564
216
8564
8564
8564
8564
8564
420
8564
420
420
279
8564
8564
8564
8564
8564
8564
8564
8564
8564
8564
204
8564
8564
8564
8564
8564
1950
8564
279
8564
8564
8564
8564
204
8564
826
8564
192
3732
194
198
8564
8564
8564
8564
8564
204
826
192
3732
1950
8564
8564
1015
8564
1950
8564
8564
8564
188
8564
8564
8564
8564
8564
8564
8564
8564
216
8564
8564
8564
8564
420
1950
8564
279
8564
8564
8564
8564
204
420
1950
8564
420
420
1950
8564
1950
420
1950
420
1950
8564
8564
8564
8564
8564
8564
216
8564
8564
8564
8564
8564
420
8564
420
420
279
8564
8564
8564
8564
8564
8564
8564
8564
8564
8564
204
8564
8564
8564
8564
8564
1950
8564
279
8564
8564
8564
8564
204
8564
826
8564
192
3732
194
198
8564
8564
8564
8564
8564
204
826
192
3732
1950
8564
8564
420
1015
8564
1950
8564
8564
8564
188
8564
8564
8564
8564
8564
8564
8564
216
8564
8564
8564
8564
420
1950
8564
279
8564
8564
8564
8564
204
420
1950
8564
420
1950
8564
8564
8564
8564
8564
8564
8564
216
8564
8564
8564
8564
8564
420
420
8564
420
279
8564
8564
8564
8564
8564
8564
8564
8564
8564
8564
8564
204
8564
8564
8564
8564
8564
1950
8564
279
8564
8564
8564
8564
204
8564
826
8564
192
3732
194
198
8564
8564
8564
8564
8564
204
826
192
3732
1950
8564
420
8564
8564
8564
8564
8564
8564
216
8564
8564
8564
8564
8564
8564
8564
8564
8564
8564
216
8564
8564
8564
8564
8564
8564
420
1950
8564
420
8564
1950
8564
420
1015
8564
8564
279
8564
8564
8564
8564
8564
8564
8564
8564
8564
8564
8564
204
8564
8564
8564
8564
8564
8564
8564
420
1950
8564
279
8564
8564
8564
8564
8564
8564
8564
204
8564
8564
8564
8564
8564
8564
420
1015
8564
188
756
8564
204
420
1950
8564
8564
8564
216
8564
8564
1950
8564
8564
3732
194
198
8564
8564
204
8564
3732
8564
216
8564
8564
333
1137
619
8564
252
488
8564
8564
8564
204
8564
420
1950
8564
279
8564
8564
8564
8564
8564
8564
8564
8564
204
674
194
198
420
1015
8564
8564
8564
8564
8564
8564
204
8564
8564
8564
8564
8564
8564
8564
8564
8564
8564
216
8564
8564
8564
8564
8564
8564
8564
8564
8564
8564
8564
204
824
188
8564
8564
8564
8564
8564
198
8564
8564
204
8564
8564
8564
8564
8564
420
1950
8564
8564
8564
188
420
1015
8564
188
771
204
279
420
1950
204
8564
420
1950
8564
279
204
1950
8564
279
204
420
1015
8564
1950
1950
8564
188
8564
420
279
8564
8564
204
1950
8564
279
8564
8564
8564
8564
8564
204
1950
8564
279
8564
8564
8564
8564
204
8564
8564
8564
1015
8564
1950
8564
188
8564
420
279
8564
8564
8564
204
8564
8564
279
204
8564
420
1950
8564
279
204
1950
8564
279
8564
8564
8564
8564
8564
8564
204
1950
8564
279
204
8564
420
1950
1950
8564
8564
8564
8564
8564
8564
216
8564
8564
8564
8564
8564
420
1015
8564
1950
8564
188
8564
8564
8564
8564
8564
216
8564
8564
8564
420
279
8564
204
279
8564
8564
204
420
1950
8564
8564
8564
216
8564
8564
420
1950
8564
1950
8564
420
8564
8564
8564
216
8564
824
252
8564
826
194
198
8564
8564
8564
8564
204
8564
420
567
420
1015
420
420
1950
420
420
1950
420
420
1950
420
1950
1950
1015
609
420
1950
1950
420
1015
420
1950
1015
8564
8564
8564
8564
216
188
8564
8564
8564
8564
8564
216
8564
8564
8564
8564
8564
8564
8564
8564
216
8564
8564
8564
8564
8564
1006
8564
8564
8564
8564
8564
252
826
420
1015
8564
252
193
193
1513
1513
674
884
279
884
8564
8564
8564
580
8564
1020
8564
198
8564
204
8564
204
8564
612
8564
8564
188
198
8564
8564
8564
8564
204
8564
8564
8564
8564
279
8564
8564
8564
8564
204
420
1950
8564
8564
8564
8564
216
8564
8564
8564
8564
8564
216
3732
216
279
8564
8564
8564
8564
204
8564
3732
420
1015
8564
198
204
420
1950
8564
198
204
420
567
8564
724
234
8564
8564
8564
204
420
1015
8564
198
8564
8564
204
420
1950
8564
279
8564
8564
8564
204
420
1015
8564
420
1015
8564
420
1015
8564
198
8564
771
204
204
420
1950
8564
420
8564
216
420
1015
8564
8564
8564
8564
216
8564
8564
8564
8564
279
8564
8564
8564
8564
8564
8564
8564
8564
204
8564
8564
8564
8564
1006
8564
188
192
420
1950
8564
8564
194
8564
8564
8564
8564
8564
409
8564
279
8564
1006
8564
8564
8564
8564
8564
8564
8564
204
8564
8564
8564
420
1950
8564
8564
8564
8564
8564
8564
216
8564
8564
8564
8564
8564
8564
8564
8564
8564
8564
8564
216
8564
8564
8564
8564
8564
420
8564
332
8564
8564
8564
8564
8564
8564
8564
8564
8564
8564
8564
8564
204
8564
8564
8564
8564
8564
1137
8564
619
420
1015
8564
420
1950
8564
198
279
424
8564
8564
8564
8564
8564
204
252
1137
8564
255
619
567
8564
8564
234
8564
8564
8564
8564
8564
204
420
1015
8564
8564
420
1015
8564
8564
8564
567
8564
619
8564
8564
188
8564
8564
8564
8564
8564
8564
279
204
188
8564
8564
8564
194
198
8564
204
192
3732
279
204
420
1950
8564
8564
420
1015
8564
420
1015
8564
420
1015
8564
8564
420
1015
8564
8564
420
1015
8564
547
8564
420
1950
8564
826
420
1950
8564
826
194
420
1015
8564
3732
194
420
1015
8564
826
194
420
1015
8564
826
194
420
1015
8564
826
194
420
1015
8564
826
194
420
1015
8564
198
204
8564
253
8564
1950
8564
8564
8564
8564
8564
8564
1354
826
194
198
8564
8564
204
8564
8564
8564
8564
188
8564
8564
188
420
1950
8564
198
8564
204
8564
420
1950
8564
279
204
420
8564
826
8564
332
8564
8564
8564
8564
8564
8564
8564
8564
8564
8564
8564
8564
204
8564
8564
8564
8564
8564
8564
8564
1006
8564
8564
8564
8564
8564
8564
8564
216
8564
8564
8564
8564
8564
8564
8564
8564
8564
724
234
8564
204
8564
279
8564
8564
8564
204
420
1950
8564
8564
8564
216
8564
8564
8564
420
1015
8564
198
8564
8564
8564
204
188
420
1015
8564
198
8564
8564
8564
8564
204
420
1950
8564
8564
194
198
8564
8564
8564
204
8564
198
8564
8564
8564
8564
204
420
1015
8564
198
204
252
1137
8564
255
619
8564
8564
8564
687
8564
687
424
204
420
1015
8564
188
8564
420
1950
8564
216
8564
8564
8564
8564
8564
8564
216
8564
8564
8564
8564
8564
8564
8564
216
8564
8564
8564
3732
279
8564
8564
8564
8564
8564
8564
8564
204
8564
8564
8564
8564
1006
420
1950
8564
420
567
8564
8564
234
8564
8564
8564
8564
8564
204
8564
8564
8564
198
756
8564
8564
8564
204
8564
826
194
198
8564
8564
8564
8564
8564
8564
8564
204
8564
8564
8564
8564
8564
1006
8564
420
1015
8564
198
204
188
8564
8564
279
8564
8564
204
8564
420
279
8564
204
8564
1950
8564
279
8564
204
8564
8564
279
8564
8564
204
8564
420
279
8564
204
8564
1950
8564
279
8564
204
8564
8564
279
8564
8564
204
8564
420
279
8564
204
8564
1950
8564
279
8564
204
8564
420
1950
8564
420
1950
8564
279
8564
8564
8564
8564
204
8564
420
279
8564
204
8564
1950
8564
279
8564
204
8564
420
1950
8564
8564
216
8564
8564
8564
420
1950
8564
279
8564
8564
204
8564
420
279
8564
204
8564
1950
8564
279
8564
204
8564
420
1950
8564
420
1950
8564
279
8564
8564
204
8564
420
279
8564
204
8564
1950
8564
279
8564
204
8564
420
1950
8564
826
826
8564
279
204
826
216
8564
1006
8564
8564
198
204
826
279
8564
8564
204
279
8564
8564
8564
8564
216
8564
8564
826
279
8564
8564
204
420
420
420
1015
1950
8564
216
8564
216
8564
8564
8564
8564
194
198
756
8564
8564
8564
204
198
204
8564
826
540
204
826
8564
826
279
8564
8564
8564
8564
204
8564
8564
8564
8564
826
8564
198
204
8564
8564
1006
8564
8564
216
826
826
826
826
8564
826
826
826
194
198
8564
204
420
1950
8564
8564
1513
279
8564
204
2298
420
1950
8564
8564
8564
8564
216
333
403
8564
8564
190
8564
8564
216
697
1191
1191
8564
8564
8564
234
333
8564
8564
190
8564
8564
194
194
412
8564
8564
8564
8564
8564
204
420
420
567
8564
697
8564
8564
8564
216
8564
8564
8564
567
8564
403
8564
8564
204
333
403
8564
586
192
641
8564
8564
190
8564
8564
8564
216
420
697
1191
1191
8564
8564
8564
234
333
8564
8564
190
8564
8564
194
194
412
8564
204
420
567
8564
697
8564
8564
8564
8564
216
8564
8564
8564
8564
567
8564
283
8564
8564
8564
204
8564
192
487
192
487
8564
8564
8564
8564
8564
8564
216
8564
216
279
8564
8564
204
8564
8564
8564
216
420
1950
8564
8564
8564
8564
216
8564
8564
3732
8564
8564
8564
216
204
8564
204
8564
567
8564
612
8564
8564
216
8564
756
8564
204
513
188
420
1950
8564
420
473
8564
619
8564
216
8564
1015
8564
420
540
8564
8564
8564
204
8564
420
1950
8564
8564
420
1015
8564
1950
8564
420
1015
8564
279
204
8564
234
204
1950
8564
279
8564
8564
8564
8564
8564
8564
8564
8564
204
1950
8564
420
279
8564
8564
8564
8564
8564
204
8564
8564
8564
8564
8564
1137
8564
619
1950
8564
8564
420
1015
8564
1137
8564
619
420
1950
8564
194
420
1015
8564
8564
420
279
8564
204
192
8564
8564
8564
216
420
192
8564
8564
8564
216
8564
8564
8564
194
420
1015
8564
420
1015
8564
279
204
8564
234
204
1137
505
1950
8564
279
8564
8564
8564
8564
8564
8564
8564
8564
8564
8564
204
420
1950
8564
279
8564
8564
8564
8564
8564
8564
204
8564
8564
8564
8564
8564
8564
8564
619
1950
8564
420
420
1015
8564
8564
1137
8564
619
420
1950
8564
194
420
1015
8564
640
192
420
1015
8564
8564
420
279
8564
204
194
8564
8564
8564
8564
216
8564
8564
8564
8564
420
1015
8564
420
1015
8564
279
8564
8564
8564
8564
8564
8564
8564
8564
204
8564
8564
8564
8564
8564
234
8564
8564
8564
8564
204
1950
8564
279
8564
8564
8564
8564
204
1137
505
8564
8564
8564
8564
8564
8564
216
420
1950
8564
279
8564
8564
8564
8564
8564
8564
8564
8564
8564
8564
204
8564
8564
8564
8564
8564
8564
8564
619
1950
8564
420
420
1015
8564
8564
1137
8564
619
420
1950
8564
194
420
1015
8564
640
192
420
1015
8564
8564
420
279
8564
8564
8564
8564
8564
204
8564
8564
8564
8564
8564
194
420
1015
8564
8564
8564
189
8564
8564
8564
204
1137
8564
619
420
1015
8564
420
1950
8564
8564
8564
8564
216
826
192
8564
8564
8564
8564
8564
8564
8564
216
8564
8564
8564
8564
8564
826
194
198
8564
8564
8564
8564
8564
8564
8564
8564
204
1137
333
192
505
8564
619
1950
8564
194
420
1015
8564
420
1015
8564
279
8564
8564
8564
8564
8564
8564
8564
8564
8564
204
8564
8564
8564
8564
1137
640
192
505
8564
619
1950
8564
8564
8564
8564
8564
216
420
1950
8564
8564
8564
8564
216
1950
8564
8564
8564
8564
8564
8564
1354
8564
216
8564
194
198
8564
204
1137
8564
505
8564
619
1950
8564
420
8564
8564
194
420
1015
8564
420
192
8564
8564
8564
216
420
1015
8564
826
194
420
1015
8564
8564
216
420
1950
8564
279
8564
204
8564
1006
3732
216
8564
216
826
192
3732
8564
8564
216
8564
8564
192
8564
8564
8564
8564
8564
8564
216
420
1015
8564
756
8564
8564
8564
204
252
420
1950
8564
193
488
8564
8564
8564
204
420
1950
8564
279
8564
8564
8564
8564
204
420
1950
8564
8564
8564
8564
8564
216
204
420
1015
8564
188
8564
420
1950
8564
420
1015
8564
188
3732
194
198
8564
8564
8564
8564
204
420
1950
8564
420
1015
8564
188
8564
8564
216
8564
8564
194
756
8564
204
8564
8564
1354
194
756
8564
8564
204
8564
826
8564
188
8564
188
192
8564
8564
216
8564
8564
194
756
8564
204
826
192
8564
8564
8564
8564
216
279
204
8564
8564
216
8564
420
1950
8564
279
8564
204
1950
8564
279
8564
204
420
420
1015
8564
1950
1950
8564
188
8564
8564
8564
8564
8564
216
8564
8564
216
8564
8564
279
8564
8564
8564
204
1950
8564
279
8564
8564
8564
204
420
1015
8564
420
1950
8564
420
420
420
1950
8564
420
420
1950
8564
1950
420
1950
420
1950
420
1950
420
1950
420
420
1950
609
1950
1950
420
1950
420
1950
1015
420
1950
420
1950
420
1950
420
1950
420
1950
420
1950
1950
8564
8564
216
8564
8564
8564
8564
826
826
8564
8564
8564
8564
8564
8564
8564
8564
1950
8564
8564
279
8564
8564
8564
8564
8564
204
1950
8564
279
8564
8564
8564
8564
8564
204
8564
8564
8564
8564
8564
8564
8564
216
8564
8564
8564
279
8564
8564
8564
8564
8564
8564
8564
8564
8564
8564
8564
204
8564
8564
8564
8564
8564
8564
420
619
1950
8564
279
8564
8564
8564
8564
8564
8564
8564
8564
8564
8564
8564
204
8564
8564
8564
8564
8564
8564
8564
619
1950
8564
3732
279
8564
8564
204
567
4972
630
8564
8564
8564
8564
8564
204
619
279
8564
8564
8564
8564
8564
204
8564
8564
8564
567
8564
567
8564
700
619
640
8564
8564
204
8564
8564
4817
424
8564
8564
8564
8564
8564
204
8564
8564
8564
619
1950
8564
8564
194
198
204
8564
8564
8564
8564
8564
619
1950
8564
3732
194
198
204
826
8564
8564
8564
8564
8564
8564
619
1950
8564
8564
8564
8564
8564
8564
8564
826
8564
8564
619
1950
8564
8564
8564
8564
8564
8564
8564
8564
8564
8564
619
1950
8564
198
8564
204
188
8564
8564
8564
8564
8564
216
8564
8564
8564
8564
8564
8564
8564
8564
279
8564
8564
8564
8564
8564
8564
8564
8564
8564
8564
8564
8564
204
8564
8564
8564
8564
8564
3732
8564
8564
1950
8564
8564
279
8564
204
420
619
1950
8564
279
8564
8564
8564
8564
204
8564
8564
198
8564
8564
8564
8564
8564
8564
8564
8564
8564
204
8564
8564
8564
8564
8564
8564
8564
8564
216
8564
619
1950
8564
8564
8564
8564
8564
8564
8564
216
8564
8564
8564
8564
8564
8564
8564
216
8564
619
1950
8564
8564
8564
8564
8564
8564
8564
216
826
8564
279
8564
8564
8564
8564
8564
204
8564
8564
8564
279
204
8564
8564
8564
8564
279
8564
8564
8564
8564
204
8564
8564
279
8564
8564
8564
8564
8564
204
826
192
1352
8564
8564
8564
8564
8564
8564
216
826
216
826
216
826
826
8564
8564
1006
8564
8564
826
826
216
8564
826
192
194
8564
1352
8564
188
8564
188
8564
8564
216
826
192
8564
8564
8564
8564
216
8564
8564
4972
198
8564
204
8564
8564
8564
8564
216
8564
8564
188
8564
8564
216
8564
8564
188
8564
8564
216
8564
826
192
3732
826
192
8564
8564
8564
279
8564
279
424
8564
8564
8564
8564
204
826
192
1352
826
192
8564
8564
8564
279
8564
8564
8564
8564
8564
8564
8564
8564
8564
204
8564
279
8564
8564
8564
8564
204
8564
8564
216
279
8564
8564
204
8564
279
8564
8564
8564
8564
8564
204
8564
8564
4972
8564
216
826
192
8564
8564
8564
8564
8564
216
8564
231
8564
8564
8564
216
8564
8564
8564
8564
527
232
8564
527
232
8564
8564
8564
8564
8564
8564
8564
826
194
8564
8564
198
8564
204
8564
1513
279
8564
8564
204
8564
2298
8564
216
231
8564
279
8564
204
826
2298
8564
8564
8564
8564
8564
8564
8564
1345
3722
8564
8564
8564
8564
8564
8564
8564
8564
8564
8564
3722
3722
8564
826
8564
567
8564
279
204
1209
8564
194
198
204
4972
188
198
8564
8564
8564
8564
8564
204
8564
8564
8564
8564
368
8564
8564
216
8564
540
8564
204
8564
192
2298
8564
8564
188
198
8564
8564
204
8564
8564
8564
8564
8564
8564
8564
216
826
567
8564
279
204
8564
201
8564
204
8564
8564
8564
216
8564
500
4972
198
204
8564
8564
198
8564
204
1209
8564
216
8564
188
8564
8564
8564
8564
8564
216
8564
8564
8564
8564
368
8564
8564
216
1209
8564
194
198
8564
8564
8564
8564
204
8564
194
198
8564
8564
8564
8564
8564
204
8564
8564
8564
8564
8564
216
8564
500
8564
8564
216
8564
8564
198
8564
8564
8564
204
8564
8564
194
198
8564
8564
8564
8564
8564
204
8564
8564
8564
8564
8564
216
8564
188
198
8564
204
8564
194
198
8564
8564
204
1209
8564
8564
216
8564
8564
216
231
8564
8564
8564
1345
8564
8564
8564
8564
188
188
188
198
8564
204
824
198
204
198
8564
204
826
8564
194
198
8564
204
8564
194
198
8564
204
8564
198
204
8564
8564
8564
4783
8564
198
204
8564
4783
216
8564
216
527
232
8564
216
3604
826
8564
194
198
8564
204
8564
194
198
8564
204
8564
3604
8564
8564
431
198
8564
204
8564
216
8564
216
8564
1345
8564
824
756
8564
8564
204
8564
194
333
192
4783
194
412
8564
8564
8564
204
8564
252
2298
8564
8564
8564
8564
8564
8564
8564
8564
8564
8564
8564
8564
8564
8564
8564
8564
8564
8564
8564
8564
8564
8564
8564
8564
8564
8564
8564
8564
8564
8564
8564
8564
8564
8564
8564
8564
8564
8564
8564
8564
8564
8564
8564
8564
8564
8564
8564
8564
8564
8564
8564
8564
8564
8564
8564
8564
8564
8564
8564
8564
8564
8564
8564
8564
8564
8564
8564
8564
8564
8564
8564
8564
8564
8564
8564
8564
8564
8564
8564
8564
8564
8564
8564
8564
8564
8564
8564
8564
8564
8564
8564
8564
8564
8564
8564
8564
8564
8564
8564
8564
8564
8564
8564
8564
8564
8564
8564
8564
8564
8564
8564
8564
8564
8564
8564
8564
8564
8564
420
1950
8564
884
204
8564
8564
198
8564
204
8564
5224
8564
540
8564
8564
204
8564
8564
8564
189
190
8564
8564
198
204
1137
505
332
204
8564
8564
5224
192
8564
8564
8564
8564
8564
8564
8564
216
8564
8564
8564
8564
8564
8564
8564
198
204
8564
8564
188
8564
8564
8564
216
8564
1513
279
8564
8564
204
8564
2298
8564
8564
8564
8564
198
8564
8564
204
8564
8564
188
8564
8564
8564
216
8564
8564
188
8564
8564
8564
8564
8564
216
8564
8564
8564
198
204
8564
8564
188
8564
8564
8564
8564
8564
8564
8564
8564
8564
8564
216
8564
8564
231
8564
1209
8564
8564
8190
8564
8564
8564
8564
8564
8564
8564
8564
279
204
8564
279
204
1950
8564
8564
279
204
1209
8564
1209
1950
8564
8564
279
8564
1950
8564
204
8564
279
8564
204
8564
609
8564
8564
8564
216
8564
640
619
619
279
8564
8564
8564
8564
8564
204
8564
8564
567
8564
567
8564
700
8564
8564
204
8564
8564
4817
424
8564
8564
8564
8564
8564
8564
8564
8564
8564
8564
204
8564
640
619
279
8564
8564
8564
8564
8564
204
8564
8564
567
8564
567
8564
700
619
8564
8564
204
8564
8564
4817
424
8564
8564
8564
8564
8564
8564
8564
8564
204
8564
8564
8564
8564
8564
8564
420
1950
8564
420
1950
8564
420
1015
8564
420
1950
8564
420
1950
8564
194
8564
8564
8564
8564
8564
8564
8564
8564
216
8564
8564
8564
8564
8564
8564
8564
8564
8564
420
567
8564
724
234
8564
8564
8564
8564
8564
8564
204
619
619
279
8564
8564
8564
8564
8564
204
8564
8564
8564
567
8564
567
8564
700
640
8564
8564
204
8564
8564
4817
424
8564
8564
8564
204
420
1950
8564
8564
420
1950
8564
8564
420
1015
8564
547
8564
420
1950
8564
420
8564
1950
8564
279
204
420
1950
8564
8564
1950
8564
279
204
194
8564
8564
420
1015
8564
194
513
8564
8564
8564
420
1950
8564
420
1950
8564
513
8564
8564
8564
8564
8564
8564
8564
8564
8564
216
8564
8564
8564
8564
8564
8564
8564
8564
8564
8564
216
8564
8564
8564
8564
8564
8564
420
1950
8564
279
204
8564
216
420
1950
8564
279
204
8564
216
420
1950
8564
8564
1513
279
8564
8564
204
619
279
8564
8564
8564
8564
8564
204
8564
8564
8564
567
8564
567
8564
700
619
640
8564
8564
204
8564
8564
4817
424
8564
586
586
660
1047
234
8564
8564
8564
204
8564
640
279
8564
8564
8564
8564
8564
204
8564
8564
567
8564
567
8564
700
619
619
8564
8564
204
8564
8564
4817
424
8564
8564
8564
8564
8564
8564
8564
204
8564
8564
8564
420
1015
8564
188
198
8564
8564
204
420
1015
8564
198
8564
204
8564
8564
8564
8564
8564
216
619
619
279
8564
8564
8564
8564
8564
204
8564
8564
8564
567
8564
567
8564
700
640
8564
8564
204
8564
8564
4817
424
8564
8564
8564
8564
204
8564
420
1950
8564
1950
8564
8564
194
198
8564
204
8564
194
8564
194
513
8564
8564
194
513
8564
8564
420
3732
192
8564
8564
194
198
8564
8564
8564
8564
8564
8564
8564
204
194
409
198
8564
586
192
641
8564
8564
8564
8564
216
8564
8564
8564
8564
8564
194
198
8564
1047
234
424
8564
8564
8564
8564
8564
8564
204
194
198
8564
8564
8564
8564
204
8564
8564
8564
192
567
8564
8564
8564
8564
8564
8564
8564
216
8564
8564
216
8564
567
8564
8564
8564
8564
8564
8564
8564
8564
216
8564
8564
8564
8564
8564
8564
8564
216
3732
279
8564
204
420
1950
8564
8564
8564
8564
8564
216
8564
8564
8564
8564
420
1015
8564
8564
420
1950
8564
194
8564
420
1950
420
1950
8564
8564
8564
8564
8564
8564
8564
216
8564
8564
279
8564
8564
204
3732
192
826
194
198
8564
8564
204
420
1950
8564
420
1950
8564
279
8564
8564
8564
8564
204
333
403
8564
586
192
641
8564
8564
190
8564
8564
8564
216
697
1191
1191
8564
8564
8564
234
333
8564
8564
190
8564
8564
194
194
412
8564
204
420
420
567
8564
697
8564
8564
8564
8564
216
8564
8564
8564
8564
567
8564
283
8564
8564
8564
204
192
1552
641
420
1950
8564
420
1950
8564
279
420
1950
8564
420
1950
8564
204
420
1950
8564
420
8564
8564
8564
567
567
194
8564
8564
619
567
8564
8564
194
198
204
8564
194
420
1015
8564
198
8564
204
8564
8564
279
204
8564
8564
8564
279
204
826
540
8564
204
8564
826
540
8564
204
8564
194
8564
8564
420
194
513
8564
420
1950
8564
420
1950
8564
8564
8564
1352
420
1950
8564
8564
8564
3732
194
198
8564
204
420
1950
8564
8564
1950
8564
279
204
420
1015
8564
194
8564
8564
8564
8564
8564
8564
279
204
420
1950
8564
8564
420
1015
8564
253
8564
420
420
1950
8564
1950
8564
216
8564
420
1950
8564
420
1950
8564
194
513
8564
8564
8564
8564
8564
8564
8564
216
8564
8564
8564
8564
8564
8564
8564
8564
8564
8564
8564
216
1950
8564
279
204
8564
8564
8564
192
8564
194
198
8564
586
192
641
8564
8564
8564
8564
216
8564
8564
8564
420
1015
8564
252
1020
8564
8564
8564
8564
204
420
1015
8564
252
1020
8564
8564
8564
8564
204
420
1015
8564
252
1020
8564
8564
8564
8564
204
8564
8564
8564
8564
8564
8564
8564
216
420
1950
8564
8564
194
8564
8564
279
8564
8564
8564
8564
8564
8564
8564
8564
8564
8564
216
192
420
1950
8564
8564
8564
279
8564
8564
8564
8564
8564
8564
8564
8564
8564
8564
216
8564
8564
8564
8564
8564
8564
8564
8564
216
8564
8564
8564
8564
204
8564
8564
8564
8564
8564
8564
8564
216
8564
194
198
8564
8564
8564
8564
8564
8564
8564
8564
8564
204
8564
8564
192
8564
8564
8564
8564
216
1950
8564
279
204
8564
8564
3732
279
204
826
194
8564
8564
192
194
198
8564
8564
8564
8564
204
8564
8564
192
8564
194
513
630
204
8564
192
8564
8564
8564
216
8564
8564
8564
567
8564
8564
8564
8564
8564
216
8564
8564
8564
8564
8564
8564
8564
8564
8564
216
8564
8564
8564
8564
8564
8564
8564
8564
216
8564
279
8564
8564
8564
204
8564
8564
8564
8564
8564
8564
8564
216
198
8564
8564
8564
8564
8564
8564
204
8564
8564
8564
8564
8564
8564
8564
8564
216
8564
8564
8564
8564
8564
8564
8564
8564
216
8564
8564
194
198
8564
8564
8564
8564
8564
8564
8564
8564
204
192
8564
8564
8564
8564
8564
216
8564
8564
8564
8564
8564
8564
216
8564
198
8564
586
192
641
194
198
8564
204
8564
8564
8564
8564
8564
216
192
8564
8564
8564
8564
8564
216
231
609
8564
8564
8564
8564
8564
216
8564
8564
8564
8564
8564
8564
8564
8564
8564
8564
8564
216
8564
1015
8564
3604
8564
8564
1345
8564
8564
826
826
8564
3732
194
8564
1006
194
8564
8564
8564
8564
8564
8564
8564
1513
279
8564
204
2298
231
8564
3604
8564
8564
3604
8564
8564
1345
8564
8564
8564
8564
8564
8564
8564
8564
8564
8564
8564
8564
8564
8564
8564
8564
8564
8564
8564
8564
8564
8564
8564
8564
8564
8564
8564
8564
8564
8564
8564
1345
8564
8564
8564
8564
8564
8564
8564
8564
8564
8564
8564
8564
8564
8564
8564
8564
8564
279
8564
204
8564
1950
8564
279
8564
8564
8564
8564
204
1015
8564
8564
8564
8564
216
8564
8564
567
8564
500
201
8564
8564
204
8564
567
8564
417
204
8564
8564
8564
8564
8564
8564
216
8564
8564
8564
8564
8564
420
8564
1950
3837
1950
8564
279
8564
8564
8564
8564
8564
8564
8564
8564
204
8564
8564
8564
8564
8564
1950
8564
567
8564
234
8564
204
8564
8564
567
8564
500
201
8564
8564
8564
204
8564
8564
567
8564
8564
8564
8564
8564
8564
216
8564
8564
8564
8564
8564
8564
8564
216
8564
8564
8564
1513
279
8564
204
8564
192
2298
8564
279
8564
8564
8564
8564
8564
8564
204
8564
8564
231
8564
3732
279
204
3732
194
198
8564
8564
204
8564
1513
279
8564
8564
204
8564
2298
1209
8564
567
4972
252
8564
8564
8564
216
8564
8564
216
8564
231
420
8564
826
826
8564
8564
1209
8564
8564
279
204
1950
8564
279
204
1209
8564
8564
216
1950
8564
279
8564
8564
204
8564
8564
567
4972
252
8564
8564
420
279
8564
204
8564
279
204
1950
8564
279
204
1209
8564
8564
216
1950
8564
279
8564
8564
204
8564
8564
567
4972
252
8564
8564
420
279
8564
204
1209
8564
194
198
8564
8564
8564
204
8564
192
194
198
8564
8564
8564
8564
216
8564
8564
1209
8564
194
198
8564
190
8564
8564
8564
8564
540
8564
8564
204
231
8564
8564
1209
8564
8564
8564
279
8564
8564
8564
8564
204
333
1191
8564
8564
190
8564
8564
216
420
697
1191
8564
1191
8564
8564
234
333
8564
8564
190
420
8564
8564
194
194
412
8564
8564
8564
8564
204
8564
8564
8564
567
8564
567
8564
697
1191
8564
8564
204
8564
8564
204
8564
8564
8564
8564
8564
756
8564
8564
204
1047
8564
194
8564
8564
216
8564
1209
8564
432
252
1137
8564
1950
8564
8564
8564
8564
194
756
8564
204
1006
192
8564
1209
8564
8564
8564
8564
198
8564
204
188
8564
8564
216
8564
8564
540
8564
8564
204
231
8564
8564
8564
8564
8564
8564
8564
8564
8564
8564
8564
8564
8564
216
1950
8564
420
8564
8564
8564
216
8564
8564
8564
8564
8564
1352
8564
8564
8564
8564
204
8564
1513
279
8564
204
2298
231
8564
8564
8564
8564
8564
8564
8564
8564
8564
3722
8564
8564
8564
8564
8564
8564
8564
8564
8564
8564
8564
8564
8564
8564
8564
8564
1345
8564
8564
826
1209
8564
194
198
8564
204
8564
8564
8564
8564
527
232
8564
279
204
826
8564
8564
8564
8564
8564
8564
8564
194
8564
1006
194
8564
8564
3732
194
198
204
8564
1209
8564
1209
8564
1209
8564
8564
1209
8564
1209
8564
1209
8564
1209
8564
8564
8564
8564
8564
8564
8564
8564
8564
871
8564
8564
8564
8564
8564
8564
8564
8564
8564
8564
8564
8564
8564
8564
8564
8564
8564
8564
8564
8564
8564
8564
8564
8564
8564
8564
8564
8564
8564
8564
8564
8564
8564
8564
8564
8564
8564
8564
8564
8564
8564
8564
8564
8564
8564
8564
8564
8564
8564
8564
8564
8564
8564
826
194
198
8564
8564
8564
204
826
8564
8564
8564
8564
8564
8564
8564
567
8564
234
8564
8564
8564
8564
8564
8564
8564
204
8564
8564
8564
697
1191
609
889
420
1137
1047
567
8564
420
567
8564
697
333
333
1191
190
420
641
192
961
1047
8564
567
8564
234
8564
8564
8564
8564
204
192
192
567
8564
8564
8564
8564
216
8564
8564
8564
8564
8564
8564
1352
279
8564
204
8564
8564
216
8564
8564
8564
8564
8564
8564
8564
8564
8564
8564
540
8564
204
192
2298
8564
8564
8564
8564
8564
216
8564
8564
279
8564
8564
8564
204
231
8564
8564
216
8564
8564
8564
527
232
8564
8564
8564
8564
8564
8564
8564
8564
8564
8564
8564
8564
8564
500
8564
8564
3722
8564
8564
8564
8564
279
204
8564
8564
216
8564
567
8564
279
8564
204
500
5012
201
204
8564
8564
8564
216
8564
8564
8564
500
5012
201
204
8564
8564
8564
8564
216
8564
8564
8564
8564
8564
192
194
198
8564
8564
8564
204
8564
8564
8564
8564
8564
368
8564
8564
216
8564
540
8564
204
8564
2298
8564
8564
8564
8564
8564
8564
216
826
8564
216
8564
8564
8564
216
8564
8564
8564
216
231
8564
8564
252
8564
2298
8564
8564
8564
8564
8564
194
8564
2298
8564
8564
567
567
4846
756
8564
8564
204
8564
8564
188
8564
216
8564
2298
8564
8564
567
4972
567
4846
756
8564
8564
204
8564
8564
188
8564
216
8564
2298
8564
8564
8564
8564
8564
8564
8564
252
8564
1137
619
1950
8564
194
198
8564
8564
204
420
619
1950
8564
8564
8564
216
188
8564
8564
488
8564
8564
204
1137
505
8564
192
505
619
660
506
1137
420
619
1137
8564
216
8564
1950
8564
619
1950
8564
420
540
8564
8564
204
506
193
1137
505
505
619
1950
8564
8564
216
8564
8564
8564
204
8564
513
1137
420
619
1950
8564
513
8564
8564
8564
3604
513
513
8564
8564
8564
3604
8564
8564
8564
1345
8564
8564
8564
8564
8564
8564
8564
8564
1345
8564
8564
8564
198
8564
8564
204
8564
8564
8564
8564
8564
216
8564
8564
771
8564
204
609
188
188
8564
216
8564
1137
505
619
1950
8564
8564
8564
8564
216
619
619
279
8564
8564
8564
204
8564
8564
8564
567
8564
567
8564
700
640
204
4817
8564
8564
8564
279
424
204
420
567
8564
8564
216
8564
8564
567
4846
198
8564
204
194
1137
505
619
420
1015
8564
198
204
198
8564
204
194
513
8564
412
204
420
619
1950
8564
567
8564
234
204
1352
8564
8564
216
8564
8564
8564
252
1137
619
1950
8564
567
8564
1015
8564
420
567
8564
1013
2298
420
1137
619
1950
8564
279
8564
8564
8564
204
333
194
8564
332
8564
204
8564
8564
216
8564
8564
1480
8564
252
8564
500
8564
8564
8564
216
8564
2298
1352
8564
1015
8564
420
567
8564
1013
2298
8564
204
1352
420
8564
8564
216
1352
8564
1015
8564
420
567
8564
1013
8564
216
1950
8564
8564
8564
567
8564
527
232
8564
8564
8564
8564
8564
8564
8564
8564
1950
8564
420
1950
8564
420
1950
8564
8564
420
1950
8564
8564
420
1950
8564
8564
826
194
198
204
826
8564
826
8564
826
8564
826
8564
826
8564
826
8564
2298
8564
8564
8564
8564
8564
8564
2298
8564
8564
8564
8564
8564
826
194
198
8564
204
192
194
216
826
826
194
198
8564
8564
204
8564
8564
8564
8564
8564
3732
826
194
198
8564
204
8564
2298
8564
8564
8564
8564
8564
8564
8564
279
8564
204
8564
2298
252
826
8564
279
204
8564
8564
279
204
8564
8564
8564
279
8564
204
826
192
3732
826
8564
8564
8564
8564
216
8564
8564
8564
8564
192
567
8564
8564
2298
826
192
3732
826
8564
8564
8564
8564
216
826
192
1352
826
8564
8564
8564
8564
216
8564
8564
8564
8564
8564
279
204
8564
8564
8564
8564
8564
3732
8564
8564
2298
2298
8564
8564
8564
8564
8564
826
8564
826
8564
826
279
204
8564
2298
8564
527
232
8564
8564
8564
8564
216
333
1191
8564
8564
190
8564
216
697
1191
1191
8564
8564
8564
333
190
8564
194
194
412
8564
204
234
8564
8564
420
8564
8564
204
8564
619
567
8564
619
567
8564
697
1191
8564
204
660
192
2298
8564
630
204
252
1137
192
8564
1015
8564
252
8564
2298
279
8564
8564
8564
567
567
567
8564
252
2298
8564
8564
8564
8564
8564
8564
8564
8564
8564
8564
8564
216
420
420
567
8564
420
1950
8564
8564
8564
8564
8564
216
8564
8564
8564
234
8564
204
1015
8564
198
204
8564
188
192
279
8564
8564
567
567
8564
216
279
8564
204
8564
8564
252
2298
8564
8564
8564
8564
8564
8564
8564
8564
8564
8564
8564
8564
8564
8564
8564
8564
252
252
8564
3722
8564
8564
567
8564
198
8564
8564
8564
204
8564
201
204
500
540
204
8564
8564
8564
8564
216
8564
8564
8564
8564
500
8564
279
8564
8564
8564
204
1352
279
8564
8564
8564
204
1209
198
420
1015
420
1015
8564
216
8564
1950
8564
8564
8564
8564
204
8564
188
8564
216
500
8564
8564
194
8564
194
198
8564
8564
8564
204
8564
8564
1352
279
8564
8564
8564
8564
204
8564
8564
8564
8564
8564
8564
216
8564
8564
8564
368
8564
8564
1513
279
8564
204
2298
8564
8564
188
8564
8564
188
8564
8564
8564
216
8564
420
567
8564
8564
8564
8564
216
8564
420
1015
8564
188
8564
221
8564
194
198
8564
8564
8564
204
8564
8564
188
8564
8564
188
8564
500
8564
8564
8564
8564
216
231
8564
8564
8564
8564
8564
8564
8564
8564
8564
8564
8564
8564
8564
8564
8564
8564
8564
8564
8564
8564
8564
8564
3722
8564
8564
1345
8564
8564
8564
826
8564
279
8564
8564
204
8564
8564
279
204
826
8564
8564
8564
8564
8564
8564
871
8564
8564
198
8564
8564
204
8564
8564
279
8564
204
1950
8564
279
8564
204
8564
8564
8564
1352
8564
8564
826
826
8564
8564
8564
8564
8564
8564
8564
198
8564
8564
204
8564
8564
279
8564
204
1950
8564
279
8564
204
8564
279
8564
204
567
342
8564
216
8564
8564
8564
8564
8564
216
8564
8564
540
8564
8564
204
8564
2298
8564
3732
216
8564
8564
8564
216
8564
3732
8564
8564
8564
216
8564
231
8564
826
567
8564
826
8564
567
8564
609
8564
8564
8564
216
619
279
8564
8564
8564
8564
8564
204
8564
8564
8564
567
8564
567
8564
700
619
640
8564
8564
204
8564
8564
4817
424
8564
8564
8564
8564
204
8564
368
8564
8564
194
198
204
826
216
8564
1513
279
8564
8564
204
8564
8564
216
231
8564
8564
8564
216
8564
640
619
619
279
8564
8564
8564
8564
8564
204
8564
8564
567
8564
567
8564
700
8564
8564
204
8564
8564
4817
424
8564
8564
8564
204
567
8564
198
8564
204
8564
198
8564
204
8564
198
8564
204
8564
198
8564
204
8564
198
8564
204
8564
198
8564
204
8564
198
8564
204
8564
198
8564
204
8564
198
8564
204
8564
198
8564
609
8564
204
8564
8564
527
232
8564
8564
8564
8564
500
8564
8564
8564
8564
1950
8564
1015
8564
8564
8564
194
198
8564
204
1209
8564
1047
234
8564
8564
8564
8564
216
8564
540
8564
204
8564
2298
231
8564
8564
8564
8564
8564
8564
8564
8564
8564
8564
8564
8564
1345
8564
1209
8564
826
8564
279
8564
204
1047
279
234
424
204
420
1950
420
1950
420
1950
420
1950
420
1950
871
420
1015
420
1950
420
1950
8564
216
500
420
279
204
567
8564
234
8564
204
8564
8564
8564
279
8564
204
826
8564
8564
8564
8564
8564
8564
8564
8564
8564
8564
198
8564
8564
204
8564
1950
8564
8564
279
204
1950
8564
279
8564
204
567
8564
201
8564
204
8564
8564
204
1950
8564
8564
216
8564
8564
8564
279
8564
204
420
1950
420
1950
8564
8564
216
1950
8564
279
8564
8564
8564
204
8564
8564
8564
279
8564
204
8564
3732
8564
279
8564
204
1950
8564
8564
3732
8564
216
8564
420
279
8564
8564
204
8564
3732
8564
420
1015
8564
420
1950
8564
8564
540
8564
204
188
2298
8564
8564
8564
216
8564
8564
216
231
8564
8564
8564
8564
8564
8564
8564
8564
8564
8564
8564
8564
8564
1345
1345
1209
8564
1345
3722
1345
8564
8564
180
8564
8564
8564
8564
420
1015
8564
8564
8564
420
1950
8564
279
204
567
8564
234
8564
204
8564
216
826
8564
8564
216
8564
630
204
188
1137
8564
1015
8564
252
8564
2298
8564
8564
8564
8564
8564
8564
8564
8564
216
8564
547
634
198
8564
8564
8564
204
513
630
8564
204
8564
2298
8564
188
420
1950
8564
8564
527
232
1137
505
8564
4693
8564
1006
194
8564
194
198
204
192
420
1950
8564
279
8564
8564
8564
8564
204
420
1950
8564
279
8564
8564
8564
8564
204
420
567
8564
724
234
8564
8564
8564
8564
8564
204
8564
188
8564
252
1020
204
8564
1513
279
8564
8564
204
8564
8564
8564
8564
8564
8564
8564
8564
8564
216
8564
8564
8564
8564
231
8564
8564
279
204
1950
8564
279
204
1006
8564
8564
216
8564
420
279
204
1950
8564
279
8564
8564
204
8564
1354
194
756
8564
8564
204
8564
8564
540
8564
8564
204
8564
279
8564
204
1950
8564
279
8564
204
1209
8564
8564
216
8564
420
279
204
1950
8564
279
8564
8564
204
8564
1354
194
756
8564
8564
204
8564
8564
252
8564
8564
8564
8564
252
1950
8564
8564
216
8564
8564
216
231
8564
8564
8564
8564
8564
8564
8564
8564
8564
8564
8564
8564
8564
8564
8564
8564
8564
8564
8564
1345
8564
8564
1345
8564
8564
8564
8564
8564
1345
8564
8564
8564
8564
8564
8564
8564
8564
8564
8564
8564
8564
8564
8564
8564
8564
8564
8564
8564
8564
8564
8564
8564
8564
8564
8564
8564
8564
8564
8564
8564
8564
8564
8564
8564
8564
8564
8564
8564
8564
8564
8564
8564
8564
8564
8564
8564
8564
8564
8564
8564
8564
8564
8564
8564
8564
8564
8564
8564
8564
8564
8564
8564
8564
8564
8564
8564
8564
8564
8564
8564
8564
8564
8564
8564
8564
8564
8564
8564
8564
8564
8564
8564
8564
8564
8564
8564
8564
8564
8564
8564
8564
8564
8564
8564
8564
8564
8564
8564
8564
8564
8564
8564
8564
8564
8564
8564
8564
8564
8564
8564
8564
8564
8564
8564
8564
8564
8564
8564
8564
8564
8564
8564
8564
8564
8564
8564
8564
8564
8564
8564
8564
8564
8564
8564
8564
8564
8564
1345
192
8564
826
194
198
204
194
198
8564
586
192
641
194
198
424
8564
612
198
8564
586
8564
8564
194
198
8564
204
8564
198
8564
8564
8564
204
8564
8564
1513
279
8564
8564
204
8564
2298
826
194
198
8564
204
8564
8564
204
8564
198
8564
8564
204
420
1950
8564
279
8564
8564
204
1950
8564
279
8564
8564
204
1006
420
8564
216
420
279
8564
8564
204
1950
8564
279
8564
8564
8564
204
8564
8564
194
198
204
8564
194
198
8564
8564
204
194
198
8564
586
192
641
513
879
773
756
198
756
8564
424
586
192
641
674
194
198
8564
612
194
773
8564
8564
194
198
8564
8564
8564
8564
8564
204
8564
8564
8564
8564
8564
8564
198
8564
8564
204
826
194
198
204
420
420
8564
194
198
8564
8564
204
420
420
8564
194
198
8564
8564
8564
204
8564
198
8564
8564
204
420
420
1006
8564
194
198
8564
8564
8564
8564
8564
8564
204
420
420
8564
194
634
424
586
8564
8564
204
192
8564
231
1209
1209
8564
8564
8564
8564
279
8564
8564
8564
8564
8564
204
1950
8564
279
8564
8564
8564
8564
8564
204
1209
8564
1209
420
1950
420
1950
420
1950
420
1950
420
1950
420
1950
420
1950
420
1950
180
420
1950
1209
420
1950
420
1950
420
1950
8564
8564
8564
8564
216
8564
8564
8564
619
1950
8564
8564
8564
279
8564
8564
8564
8564
8564
8564
8564
8564
204
8564
8564
8564
333
1137
192
619
1950
8564
279
8564
8564
8564
8564
204
8564
192
8564
8564
8564
8564
8564
8564
8564
216
8564
8564
8564
8564
8564
194
198
8564
204
8564
8564
8564
619
1950
8564
1137
728
8564
8564
8564
8564
8564
567
8564
8564
252
8564
8564
8564
8564
8564
279
8564
8564
8564
8564
8564
8564
8564
8564
8564
204
8564
8564
8564
8564
192
8564
8564
8564
8564
8564
8564
216
8564
8564
8564
8564
8564
8564
8564
420
1950
8564
194
1015
8564
8564
1950
8564
8564
1513
279
8564
8564
204
231
420
1950
8564
8564
420
1950
8564
826
420
1950
8564
826
8564
420
1950
8564
8564
8564
8564
8564
8564
1513
279
8564
8564
204
231
420
1950
1209
8564
420
1950
1209
8564
420
1950
8564
420
1950
8564
420
1950
8564
420
1950
8564
8564
8564
420
8564
8564
1950
8564
420
8564
420
1950
8564
420
1950
8564
420
1950
8564
420
1950
8564
567
4972
252
1950
8564
8564
420
8564
826
567
194
8564
8564
252
8564
8564
8564
1006
420
3732
8564
8564
194
8564
8564
252
8564
8564
8564
8564
194
8564
8564
252
8564
8564
826
194
8564
8564
252
8564
8564
826
194
8564
8564
252
8564
8564
1015
8564
8564
8564
8564
8564
216
8564
1015
8564
420
513
883
773
547
198
8564
204
343
4774
8564
198
810
420
190
675
8564
8564
4817
609
619
619
8564
8564
8564
8564
8564
8564
216
8564
1015
8564
420
513
883
773
547
198
8564
204
420
4774
8564
198
810
420
190
675
8564
8564
4817
609
619
619
8564
8564
826
192
8564
8564
252
8564
8564
8564
1950
8564
3829
279
8564
204
420
1950
8564
216
8564
8564
279
8564
8564
204
8564
420
1015
8564
198
8564
204
3829
3732
8564
8564
567
4972
252
8564
8564
3829
216
8564
8564
1015
8564
8564
8564
540
8564
8564
204
231
420
1950
8564
420
8564
420
1950
8564
1950
8564
194
198
8564
8564
8564
204
8564
279
204
1950
8564
609
8564
8564
8564
216
8564
640
619
619
279
8564
8564
8564
8564
8564
204
8564
8564
567
8564
567
8564
700
8564
8564
204
8564
8564
4817
424
8564
8564
8564
204
8564
8564
194
198
8564
8564
8564
204
8564
194
198
8564
8564
8564
204
8564
194
198
8564
8564
8564
204
8564
194
198
8564
8564
8564
204
8564
194
198
8564
8564
8564
8564
8564
204
8564
8564
8564
1513
279
8564
8564
204
8564
8564
567
8564
8564
8564
216
8564
8564
8564
216
8564
231
420
1950
8564
420
1950
8564
420
1950
8564
420
1950
8564
420
1950
8564
420
1950
8564
420
8564
420
1950
8564
420
1015
8564
420
1950
8564
420
1950
8564
420
1950
8564
420
1950
8564
420
1950
8564
420
1950
8564
420
1950
8564
420
1950
8564
420
1015
8564
420
1015
8564
420
1950
8564
420
1950
8564
420
1950
8564
420
1950
8564
420
1950
8564
420
1950
8564
420
1950
8564
420
1950
8564
420
1950
8564
8564
8564
194
198
8564
204
8564
8564
8564
8564
8564
8564
8564
8564
216
333
403
586
192
641
8564
8564
190
8564
8564
216
420
697
1191
8564
192
1191
8564
8564
234
333
8564
8564
190
586
641
8564
8564
194
194
412
8564
204
420
567
8564
697
8564
8564
8564
8564
8564
216
8564
8564
8564
8564
8564
567
8564
403
8564
8564
204
8564
8564
8564
8564
8564
204
8564
8564
8564
8564
8564
420
1950
8564
8564
8564
8564
8564
8564
216
8564
8564
8564
8564
8564
1950
8564
420
1950
8564
8564
8564
8564
8564
8564
8564
8564
8564
216
8564
8564
8564
8564
8564
8564
8564
8564
8564
8564
8564
8564
8564
8564
216
8564
8564
8564
8564
8564
192
567
8564
8564
8564
8564
8564
8564
8564
8564
8564
8564
216
8564
8564
8564
8564
8564
8564
8564
8564
8564
420
1950
8564
1950
8564
1950
8564
1950
8564
8564
8564
540
204
8564
216
8564
8564
8564
540
204
8564
216
8564
8564
8564
8564
420
1950
8564
1950
8564
8564
1352
8564
279
204
1352
216
279
204
1352
216
8564
8564
8564
8564
1513
279
8564
8564
204
192
8564
8564
8564
279
204
1950
8564
194
198
8564
204
1950
8564
194
198
8564
204
8564
420
567
8564
8564
234
8564
204
8564
756
204
8564
8564
279
8564
204
1950
8564
279
8564
204
420
1950
8564
279
8564
204
8564
279
8564
8564
8564
8564
8564
204
8564
279
8564
204
8564
279
8564
204
8564
420
1950
8564
279
8564
204
8564
1950
8564
279
8564
8564
8564
204
8564
279
8564
8564
8564
204
8564
1950
8564
8564
420
1950
8564
8564
8564
8564
8564
8564
8564
8564
8564
216
8564
8564
8564
8564
8564
8564
216
8564
8564
8564
8564
8564
8564
216
8564
420
1950
8564
1950
8564
8564
8564
216
8564
8564
8564
8564
279
204
567
8564
234
204
8564
279
204
567
8564
234
8564
204
8564
8564
8564
216
8564
8564
194
8564
279
204
567
8564
234
204
8564
194
8564
8564
3732
194
198
8564
204
8564
279
204
567
8564
234
204
420
1950
8564
8564
8564
216
8564
8564
3732
420
1950
8564
8564
279
204
567
8564
234
204
420
420
1950
8564
8564
8564
8564
8564
8564
8564
216
8564
8564
8564
8564
8564
8564
194
8564
8564
8564
3732
826
8564
192
194
198
8564
204
8564
1950
3829
8564
420
1950
8564
8564
8564
279
204
8564
8564
8564
3732
8564
194
513
8564
8564
8564
8564
279
8564
8564
8564
8564
8564
8564
8564
8564
204
194
8564
1950
8564
8564
8564
194
198
8564
204
8564
279
204
567
8564
234
8564
204
420
1950
8564
8564
420
1015
8564
198
8564
204
8564
420
1015
8564
198
8564
204
8564
1015
8564
198
8564
204
8564
279
204
8564
8564
8564
3732
194
198
204
8564
8564
8564
8564
8564
8564
8564
8564
8564
8564
8564
1352
420
1950
8564
420
1950
8564
420
1015
8564
8564
8564
8564
194
756
8564
8564
204
279
8564
204
8564
8564
216
8564
826
826
8564
8564
420
1950
8564
8564
8564
420
1950
8564
420
1950
8564
8564
8564
8564
420
1950
8564
8564
8564
8564
279
204
194
8564
8564
194
8564
8564
1950
8564
8564
8564
279
204
8564
216
8564
198
8564
8564
204
8564
8564
8564
8564
216
8564
8564
8564
188
8564
8564
188
8564
8564
8564
8564
279
204
194
8564
216
198
8564
8564
8564
8564
8564
8564
8564
8564
204
8564
279
204
420
1950
8564
567
8564
234
8564
204
8564
8564
8564
8564
8564
8564
8564
8564
8564
216
8564
8564
420
1950
8564
1950
8564
420
1950
8564
8564
8564
8564
8564
8564
216
8564
425
8564
8564
8564
8564
8564
204
420
1950
8564
8564
8564
8564
8564
8564
8564
8564
8564
216
8564
8564
8564
8564
8564
8564
216
420
1950
8564
8564
8564
8564
8564
8564
8564
8564
8564
216
420
1950
8564
8564
8564
8564
8564
8564
8564
8564
8564
216
8564
8564
216
420
1950
8564
8564
8564
279
8564
8564
8564
8564
8564
8564
8564
8564
204
609
8564
8564
8564
216
619
619
279
8564
8564
8564
8564
8564
204
8564
8564
8564
567
8564
567
8564
700
640
8564
8564
204
8564
8564
4817
424
8564
8564
8564
8564
8564
8564
8564
8564
8564
8564
8564
8564
8564
204
8564
420
1950
8564
8564
8564
8564
8564
8564
8564
8564
8564
216
8564
8564
8564
8564
8564
279
8564
8564
8564
8564
8564
204
8564
8564
8564
8564
3732
8564
8564
8564
8564
8564
8564
8564
8564
8564
216
1950
8564
1950
8564
8564
420
1015
8564
198
756
8564
8564
8564
204
420
1015
8564
420
1015
8564
188
420
1015
8564
188
420
1015
8564
188
420
1015
8564
198
8564
204
1950
8564
279
8564
204
653
198
8564
204
420
1015
8564
198
8564
204
420
1015
8564
425
204
670
756
810
670
420
1015
8564
513
879
773
756
756
8564
188
659
420
1950
8564
420
1950
8564
194
765
885
885
773
756
756
8564
810
564
949
513
431
252
8564
188
8564
3732
8564
8564
252
8564
8564
8564
188
8564
8564
8564
420
1950
8564
8564
8564
8564
8564
8564
216
8564
8564
8564
8564
8564
279
8564
8564
8564
8564
8564
8564
8564
8564
204
567
8564
234
8564
8564
8564
8564
8564
8564
8564
8564
204
826
279
8564
8564
8564
8564
8564
8564
8564
8564
204
8564
8564
194
198
204
3732
1352
420
1950
8564
8564
8564
8564
8564
8564
216
8564
279
204
8564
194
198
8564
204
8564
8564
194
198
8564
8564
204
8564
8564
8564
216
8564
279
204
8564
8564
216
420
1015
8564
420
1950
8564
653
198
420
1950
8564
420
1950
8564
420
1950
8564
420
1950
8564
420
1015
8564
420
1015
8564
420
1015
8564
756
8564
8564
8564
8564
8564
8564
204
8564
8564
8564
8564
8564
420
1015
8564
198
204
420
8564
8564
8564
8564
8564
216
188
420
194
756
8564
198
8564
8564
586
420
8564
8564
216
8564
8564
1015
8564
198
756
8564
8564
8564
420
586
889
192
540
8564
8564
204
1015
8564
188
420
1015
8564
188
420
1015
8564
188
8564
8564
8564
8564
8564
8564
216
8564
8564
8564
8564
8564
194
1015
8564
670
188
194
670
188
194
670
188
420
1015
8564
513
879
773
756
756
8564
420
1015
8564
599
765
885
885
773
756
756
8564
810
188
252
420
1950
8564
8564
420
1950
8564
3732
8564
251
8564
8564
8564
8564
8564
8564
204
8564
8564
8564
8564
8564
8564
188
1137
420
505
8564
333
192
8564
420
1015
420
8564
8564
216
8564
8564
8564
619
567
8564
697
8564
697
8564
216
333
279
8564
8564
204
8564
1137
619
1015
8564
756
8564
8564
204
8564
8564
1137
505
505
619
1015
8564
188
8564
8564
8564
216
8564
8564
8564
513
191
1137
619
567
8564
1137
619
1015
8564
1047
3866
619
567
8564
540
8564
333
8564
8564
204
333
279
8564
204
8564
1137
619
1015
8564
756
8564
8564
204
188
8564
619
567
8564
8564
8564
8564
8564
8564
8564
216
332
8564
8564
8564
8564
8564
204
279
8564
8564
204
1015
8564
8564
216
8564
8564
8564
8564
216
1137
333
192
619
8564
8564
216
8564
540
204
420
540
204
1015
8564
198
8564
8564
8564
8564
204
420
1015
8564
420
1950
8564
420
1950
8564
420
1950
8564
420
1950
8564
420
1950
8564
420
1015
8564
420
1015
8564
420
1015
8564
8564
8564
8564
8564
216
8564
8564
8564
8564
216
8564
8564
1950
3829
8564
8564
8564
8564
8564
8564
8564
8564
8564
216
8564
8564
420
1015
8564
765
8564
420
1950
8564
420
1950
8564
8564
216
8564
333
192
8564
194
8564
1137
192
619
1015
8564
513
8564
194
412
8564
8564
204
8564
188
8564
8564
8564
8564
8564
8564
8564
8564
216
188
8564
8564
8564
8564
8564
8564
8564
8564
8564
216
8564
1950
8564
8564
8564
8564
8564
8564
8564
216
8564
8564
8564
8564
8564
8564
8564
216
8564
279
8564
8564
8564
8564
8564
8564
8564
8564
216
8564
198
8564
8564
8564
8564
8564
8564
8564
8564
8564
204
8564
8564
8564
8564
8564
8564
8564
8564
8564
216
420
1015
8564
420
1015
8564
8564
420
1015
8564
8564
8564
8564
188
194
949
8564
188
420
1015
8564
192
188
1137
641
188
2095
192
194
765
8564
8564
8564
8564
8564
8564
216
231
8564
8564
8564
8564
8564
8564
8564
216
8564
8564
8564
8564
8564
8564
8564
8564
194
198
8564
8564
8564
8564
8564
8564
8564
8564
8564
8564
8564
8564
8564
204
1352
8564
8564
8564
8564
8564
8564
8564
8564
216
8564
420
1950
8564
8564
8564
3732
8564
192
194
198
8564
204
8564
8564
8564
8564
8564
8564
8564
8564
8564
8564
8564
216
8564
8564
8564
8564
8564
8564
8564
8564
8564
216
8564
8564
8564
8564
216
8564
8564
8564
8564
8564
8564
8564
8564
8564
216
8564
8564
8564
3732
194
198
8564
8564
204
8564
8564
8564
216
8564
198
8564
8564
8564
8564
8564
8564
8564
8564
8564
204
8564
8564
188
8564
8564
216
194
8564
216
8564
8564
8564
8564
8564
8564
8564
8564
8564
216
8564
8564
8564
216
8564
8564
3604
8564
8564
8564
279
279
424
204
1950
8564
8564
8564
420
1950
8564
540
8564
8564
204
540
8564
204
8564
420
1950
8564
279
8564
204
1950
8564
8564
2298
2298
420
1950
8564
1950
8564
8564
8564
2298
420
1950
8564
1950
8564
8564
8564
2298
8564
8564
8564
8564
8564
279
204
3732
1950
8564
420
1950
8564
279
204
8564
420
1950
8564
216
8564
2298
3604
8564
8564
8564
8564
1345
8564
8564
8564
8564
8564
8564
8564
8564
8564
8564
8564
8564
8564
8564
8564
8564
8564
8564
8564
8564
8564
8564
8564
8564
8564
8564
8564
8564
1209
8564
8564
8564
826
8564
8564
8564
279
204
420
1950
8564
8564
8564
8564
420
1950
8564
194
198
204
8564
279
8564
204
420
1015
8564
188
8564
216
8564
8564
420
1950
8564
8564
8564
420
1950
8564
8564
420
1950
8564
8564
8564
8564
8564
216
8564
8564
8564
8564
8564
8564
8564
420
420
1950
8564
3732
8564
8564
8564
1950
8564
8564
8564
1950
8564
1950
8564
8564
1950
8564
8564
420
8564
8564
1950
8564
1950
8564
8564
1950
8564
8564
420
3829
8564
1950
8564
1950
8564
8564
1950
8564
8564
8564
8564
420
1950
8564
1950
8564
8564
1950
8564
8564
8564
279
204
8564
216
8564
420
1950
8564
1950
8564
8564
1950
8564
8564
8564
1352
420
1950
8564
420
1950
8564
420
1950
8564
279
8564
204
420
1015
8564
188
8564
216
8564
420
1950
8564
8564
8564
255
1015
8564
198
204
8564
8564
420
1950
8564
8564
8564
420
1950
8564
1950
8564
8564
420
1950
8564
420
1950
8564
279
8564
204
8564
420
1950
8564
8564
8564
279
8564
8564
204
8564
826
216
420
1950
8564
8564
1513
279
8564
204
2298
1209
8564
420
1950
8564
8564
420
1950
8564
420
1352
279
8564
8564
8564
8564
204
420
1950
420
1950
420
1950
420
1015
420
1950
420
1015
420
1015
420
1950
420
1950
420
1950
1209
8564
216
8564
8564
8564
8564
194
216
8564
279
8564
204
8564
1950
8564
8564
194
198
8564
204
8564
420
1950
8564
279
204
8564
420
1950
8564
8564
8564
420
1950
8564
8564
420
1950
8564
8564
279
204
420
1950
8564
1352
8564
1950
8564
8564
1950
8564
8564
8564
1950
8564
8564
8564
420
1015
8564
198
8564
204
8564
420
1950
8564
279
8564
190
8564
216
188
8564
420
1950
8564
3732
8564
1950
8564
8564
8564
8564
1950
8564
8564
194
198
8564
8564
8564
8564
204
8564
8564
8564
8564
8564
420
1950
8564
8564
8564
8564
420
1352
279
8564
8564
8564
8564
8564
8564
8564
8564
8564
8564
8564
204
8564
420
1950
8564
8564
8564
420
1352
279
8564
8564
8564
8564
8564
8564
8564
204
8564
8564
1950
8564
194
8564
8564
8564
188
8564
1950
8564
8564
192
194
198
8564
8564
8564
8564
204
8564
279
8564
204
420
1015
8564
8564
216
8564
8564
8564
8564
8564
8564
8564
279
8564
204
420
1015
8564
188
8564
216
188
188
8564
8564
420
1950
8564
8564
8564
8564
8564
8564
8564
8564
8564
8564
216
420
1950
8564
216
8564
279
8564
204
420
1015
8564
188
8564
216
8564
8564
420
1950
8564
8564
8564
8564
8564
8564
8564
8564
216
8564
216
8564
216
231
8564
8564
8564
8564
8564
8564
8564
8564
8564
279
204
2298
8564
8564
826
1950
8564
279
204
8564
826
420
1950
8564
279
204
8564
420
1950
8564
8564
420
1950
8564
279
204
8564
420
1950
8564
2298
8564
527
232
8564
527
232
8564
527
232
8564
8564
8564
8564
8564
8564
8564
8564
8564
8564
8564
8564
8564
8564
8564
8564
8564
8564
279
204
279
8564
204
8564
8564
1950
8564
826
420
1950
8564
279
8564
204
8564
420
8564
8564
420
1950
8564
420
1950
8564
420
1950
8564
420
1950
8564
8564
8564
1950
8564
8564
8564
194
420
1015
8564
194
420
1015
8564
279
8564
204
1950
8564
8564
8564
420
1950
8564
1950
8564
420
1950
8564
8564
8564
8564
8564
216
8564
194
8564
279
8564
8564
8564
204
8564
1513
279
8564
8564
204
8564
2298
826
192
1352
8564
8564
8564
8564
420
1950
8564
8564
8564
420
1950
8564
1950
8564
8564
8564
8564
8564
8564
216
8564
8564
8564
8564
231
8564
8564
8564
8564
216
8564
8564
8564
8564
8564
8564
8564
8564
8564
8564
279
8564
204
420
1950
8564
8564
8564
420
1950
8564
8564
8564
420
1950
8564
8564
2298
8564
8564
8564
8564
279
204
1950
8564
8564
8564
420
1950
8564
279
8564
8564
204
8564
420
1352
420
1950
8564
279
8564
8564
204
8564
8564
216
8564
1950
8564
8564
2298
3604
8564
8564
8564
1345
8564
8564
8564
8564
8564
8564
8564
8564
8564
8564
8564
8564
8564
8564
8564
8564
8564
8564
8564
8564
8564
8564
8564
8564
8564
8564
8564
8564
8564
8564
8564
8564
8564
8564
8564
8564
8564
8564
8564
1209
8564
8564
279
279
424
204
1950
8564
8564
8564
8564
279
8564
8564
204
420
1950
8564
279
8564
8564
204
192
8564
8564
8564
8564
420
1950
420
1950
420
1950
420
1950
194
420
1950
420
1950
420
1950
420
1950
420
1950
420
1950
1015
420
1950
8564
8564
8564
8564
216
8564
8564
8564
420
1950
8564
279
8564
8564
8564
8564
8564
8564
204
8564
8564
8564
8564
1950
8564
8564
8564
8564
8564
8564
8564
8564
420
1015
8564
773
198
8564
8564
8564
204
8564
279
8564
8564
8564
204
8564
8564
194
198
8564
8564
8564
8564
204
8564
8564
420
1015
8564
8564
279
8564
204
420
1950
8564
8564
216
188
188
8564
8564
8564
8564
8564
8564
8564
1950
8564
8564
8564
1950
8564
8564
8564
8564
8564
8564
279
8564
204
8564
8564
8564
3732
8564
188
8564
194
198
8564
8564
8564
204
8564
8564
8564
194
198
8564
8564
8564
8564
204
420
1015
8564
513
8564
8564
8564
420
1015
8564
1950
8564
198
8564
8564
204
188
420
1950
8564
279
8564
8564
8564
204
8564
8564
8564
8564
420
1950
8564
8564
8564
216
8564
8564
420
1950
8564
8564
420
1950
8564
279
420
1950
8564
8564
8564
8564
8564
8564
8564
8564
204
420
1950
8564
8564
8564
8564
8564
8564
216
8564
8564
8564
8564
8564
420
1950
8564
3732
420
1950
8564
279
8564
8564
8564
8564
8564
8564
8564
204
8564
8564
8564
1950
8564
8564
420
1015
8564
198
8564
8564
204
188
420
1950
8564
8564
8564
8564
216
420
1950
8564
8564
1513
279
8564
204
2298
1950
8564
8564
216
8564
8564
8564
8564
216
8564
1352
8564
8564
194
8564
8564
8564
216
8564
8564
8564
8564
8564
8564
420
1950
8564
8564
8564
8564
8564
8564
216
420
1950
8564
279
204
420
1950
8564
216
8564
420
1950
8564
279
8564
204
826
279
204
8564
8564
8564
194
198
8564
204
198
204
420
1015
8564
198
8564
8564
8564
8564
8564
204
8564
8564
8564
8564
8564
194
198
8564
204
420
420
1950
8564
3732
8564
194
1194
8564
1352
8564
198
204
8564
420
567
8564
8564
8564
1950
8564
8564
8564
8564
8564
1950
8564
420
8564
8564
8564
420
1950
8564
8564
8564
8564
8564
8564
216
8564
8564
216
420
1950
8564
8564
8564
194
198
8564
204
420
1015
8564
198
8564
8564
8564
8564
204
8564
8564
188
8564
8564
8564
194
198
8564
8564
8564
8564
204
8564
1352
216
8564
8564
8564
8564
216
231
8564
8564
8564
8564
8564
279
8564
204
420
1950
8564
279
8564
204
8564
279
8564
204
1209
1006
8564
279
586
1137
1352
8564
216
8564
2298
8564
8564
8564
8564
8564
8564
8564
279
204
8564
279
204
8564
1513
279
8564
204
2298
8564
3732
420
1015
8564
198
204
8564
8564
279
204
420
1015
8564
216
231
8564
8564
8564
8564
8564
8564
8564
8564
8564
8564
8564
1345
8564
8564
8564
8564
8564
8564
8564
8564
8564
8564
8564
8564
8564
1345
8564
1345
8564
8564
8564
8564
8564
8564
8564
8564
8564
8564
8564
8564
8564
8564
8564
8564
8564
8564
8564
8564
8564
8564
8190
8564
8564
8564
279
8564
204
252
1209
8564
1352
8564
3732
420
1015
8564
198
8564
8564
8564
8564
204
8564
8564
8564
8564
8564
279
204
8564
8564
1209
8564
8564
279
204
420
1015
8564
188
279
8564
204
420
1015
8564
198
204
188
8564
420
1015
8564
198
8564
8564
8564
204
8564
8564
8564
8564
8564
8564
8564
8564
8564
8564
8564
8564
216
279
8564
204
420
1015
8564
198
204
420
1015
8564
198
8564
8564
8564
8564
204
8564
198
8564
8564
204
8564
194
8564
216
8564
216
8564
8564
8564
8564
216
8564
1513
279
8564
204
8564
2298
420
1015
8564
198
204
8564
198
8564
204
420
1015
8564
198
8564
8564
8564
204
8564
8564
8564
8564
279
403
204
8564
194
194
8564
531
804
8564
8564
8564
8564
8564
8564
8564
8564
8564
8564
8564
8564
204
8564
8564
8564
8564
8564
8564
8564
8564
8564
8564
8564
420
1950
8564
8564
8564
204
198
8564
204
420
1015
8564
188
198
8564
8564
204
8564
8564
8564
198
8564
8564
8564
8564
204
8564
194
756
8564
8564
8564
8564
204
8564
8564
8564
8564
8564
216
8564
8564
8564
8564
420
1015
8564
198
8564
8564
8564
8564
204
8564
198
8564
204
8564
216
420
1015
8564
198
8564
8564
204
8564
8564
420
1015
8564
252
488
204
420
192
8564
8564
8564
8564
8564
8564
198
8564
204
188
8564
194
765
198
204
8564
8564
216
8564
194
8564
8564
8564
8564
216
420
1950
8564
8564
8564
8564
8564
8564
8564
8564
216
8564
8564
194
198
204
8564
8564
8564
216
8564
8564
8564
198
198
204
192
204
8564
8564
216
8564
194
194
8564
8564
8564
8564
216
8564
8564
8564
8564
420
1015
8564
198
8564
8564
204
8564
8564
8564
8564
8564
8564
8564
8564
8564
8564
8564
8564
216
8564
198
8564
204
8564
8564
8564
216
8564
8564
8564
8564
8564
8564
8564
8564
8564
216
198
8564
8564
204
8564
194
8564
8564
8564
279
8564
8564
204
420
1015
8564
198
8564
8564
8564
8564
8564
204
8564
8564
8564
1209
8564
8564
8564
8564
216
8564
8564
216
8564
252
8564
8564
1137
505
8564
8564
194
8564
8564
216
8564
8564
8564
8564
204
8564
8564
216
8564
8564
216
188
1209
194
8564
8564
216
8564
8564
231
8564
8564
8564
216
8564
8564
8564
8564
8564
8564
279
8564
8564
204
420
1015
8564
420
1950
8564
8564
8564
8564
8564
216
8564
8564
8564
8564
8564
8564
8564
8564
8564
216
8564
8564
8564
2298
8564
8564
8564
8564
8564
8564
8564
8564
8564
826
8564
279
8564
204
3732
194
198
8564
8564
204
8564
8564
540
8564
204
8564
2298
8564
1209
3732
1209
8564
3732
192
8564
8564
216
231
8564
8564
8564
8564
8564
1950
8564
8564
540
8564
204
194
198
8564
609
2298
231
8564
8564
8564
1345
8564
8564
8564
8564
8564
8564
8564
8564
8564
8564
8564
8564
8564
8564
8564
8564
8564
8564
8564
8564
8564
8564
8564
8564
8564
8564
8564
8564
8564
8564
8564
8564
8564
8564
8564
8564
8564
8564
8564
8564
8564
8564
8564
8564
8564
8564
8564
8564
8564
8564
8564
8564
8564
8564
8564
8564
8564
8564
8564
8564
8564
8564
8564
8564
8564
8564
8564
8564
8564
8564
8564
8564
8564
8564
8564
8564
8564
8564
8564
8564
8564
8564
8564
8564
8564
8564
8564
8564
8564
8564
8564
8564
8564
8564
8564
8564
8564
8564
8564
8564
8564
8564
8564
1345
8564
8564
8564
8564
8564
8564
1345
8564
8564
8564
8564
8564
8564
8564
8564
8564
8564
8564
8564
8564
8564
8564
8564
8564
279
8564
8564
8564
8564
204
8564
279
8564
204
8564
279
8564
8564
8564
8564
204
1950
8564
279
8564
8564
8564
8564
204
8564
194
198
8564
8564
8564
8564
204
8564
8564
1513
279
8564
8564
204
8564
2298
1209
1950
8564
194
198
8564
609
8564
8564
8564
8564
216
8564
8564
231
8564
8564
8564
8564
194
198
8564
8564
8564
8564
204
1015
8564
8564
8564
8564
8564
8564
8564
1513
279
8564
8564
204
8564
1209
420
1209
1209
8564
8564
8564
279
8564
8564
204
8564
8564
567
4972
252
8564
8564
8564
279
8564
8564
8564
204
192
8564
826
279
8564
204
567
4972
252
8564
8564
8564
216
8564
8564
8564
279
8564
8564
8564
8564
204
420
1950
8564
8564
8564
8564
8564
216
8564
8564
8564
8564
8564
8564
8564
194
198
8564
8564
8564
8564
8564
8564
204
8564
279
8564
8564
8564
8564
8564
204
8564
279
8564
8564
8564
8564
8564
204
8564
279
8564
8564
8564
8564
8564
204
567
4972
252
567
4972
252
506
640
640
8564
8564
567
8564
8564
8564
8564
8564
8564
8564
8564
216
8564
8564
8564
8564
8564
8564
8564
279
8564
8564
8564
8564
8564
8564
8564
8564
8564
8564
8564
8564
204
8564
8564
8564
8564
8564
8564
8564
8564
8564
826
8564
279
8564
204
1950
8564
279
8564
8564
8564
8564
204
8564
8564
567
4972
252
8564
8564
8564
619
420
1950
8564
279
8564
8564
8564
8564
8564
204
8564
8564
8564
8564
216
8564
8564
8564
194
198
8564
8564
204
8564
279
8564
204
1950
8564
279
8564
8564
8564
8564
8564
204
8564
8564
567
4972
252
8564
8564
8564
619
1950
8564
420
279
8564
8564
8564
8564
8564
8564
204
8564
8564
8564
8564
8564
216
8564
8564
194
198
8564
204
8564
279
204
8564
1950
8564
279
8564
8564
8564
8564
204
8564
8564
567
4972
252
8564
8564
8564
619
1950
8564
420
279
8564
8564
8564
8564
8564
204
8564
8564
8564
216
8564
8564
8564
279
204
1950
8564
279
8564
8564
8564
8564
204
8564
8564
567
4972
252
8564
8564
8564
619
420
1950
8564
279
8564
8564
8564
8564
8564
204
8564
8564
8564
216
8564
8564
8564
8564
8564
826
279
204
1950
8564
279
8564
8564
204
8564
8564
420
1950
8564
8564
8564
1950
8564
279
8564
8564
8564
204
8564
8564
567
4972
252
8564
8564
420
1950
8564
826
279
204
567
4972
252
8564
8564
8564
8564
216
826
279
204
567
4972
252
8564
8564
216
8564
8564
8564
279
8564
8564
8564
8564
8564
204
1006
871
8564
8564
8564
8564
8564
216
8564
8564
8564
8564
8564
8564
8564
279
8564
8564
8564
8564
8564
8564
8564
8564
8564
8564
204
8564
8564
8564
8564
8564
420
1015
8564
188
198
8564
8564
8564
8564
8564
8564
204
8564
8564
8564
8564
8564
8564
8564
8564
8564
198
8564
8564
204
8564
8564
3732
8564
8564
8564
8564
8564
8564
216
1209
8564
8564
8564
8564
8564
8564
8564
8564
8564
8564
8564
216
8564
1950
8564
279
8564
8564
8564
204
8564
8564
567
4972
252
8564
8564
8564
420
1950
8564
8564
279
8564
8564
8564
8564
204
231
1015
1209
8564
8564
8564
279
8564
8564
8564
8564
204
1950
8564
279
8564
8564
8564
8564
204
420
1950
8564
279
8564
8564
8564
8564
8564
8564
8564
204
8564
8564
8564
420
8564
8564
8564
8564
8564
216
8564
8564
8564
8564
8564
8564
8564
8564
216
333
403
8564
8564
8564
190
8564
216
697
1191
192
1191
8564
8564
8564
234
8564
333
190
8564
586
641
8564
194
194
412
8564
204
333
1020
8564
8564
8564
8564
204
619
567
8564
697
8564
8564
8564
216
8564
8564
8564
619
567
8564
283
8564
204
8564
8564
8564
8564
204
420
1950
8564
279
8564
8564
8564
8564
8564
204
567
4972
252
8564
697
8564
8564
8564
8564
8564
216
8564
8564
8564
8564
1950
8564
279
8564
8564
8564
8564
204
420
1950
8564
279
8564
8564
8564
8564
8564
8564
8564
8564
204
8564
8564
8564
8564
8564
8564
8564
8564
8564
8564
420
8564
8564
420
8564
8564
8564
8564
420
1015
8564
420
8564
8564
8564
8564
8564
8564
8564
8564
216
8564
8564
8564
8564
8564
8564
8564
8564
216
333
403
8564
8564
190
8564
216
697
1191
8564
192
1191
8564
8564
234
8564
333
190
8564
586
641
8564
194
194
412
8564
204
333
1020
8564
8564
8564
8564
204
619
567
8564
697
8564
8564
8564
216
8564
8564
8564
619
567
8564
403
8564
204
8564
8564
8564
8564
204
1950
8564
279
8564
8564
8564
8564
204
420
567
4972
252
8564
697
8564
8564
8564
8564
8564
216
8564
8564
8564
8564
8564
8564
8564
8564
8564
8564
216
8564
8564
540
8564
8564
204
8564
8564
8564
8564
231
192
192
192
420
1950
8564
420
1950
8564
8564
420
1015
8564
198
204
420
1950
8564
279
204
420
1015
8564
420
1015
8564
194
425
771
8564
8564
204
188
765
619
8564
8564
8564
8564
8564
216
8564
8564
8564
8564
420
1950
8564
8564
8564
8564
765
194
412
204
192
198
756
8564
8564
8564
8564
204
8564
8564
1950
8564
8564
216
420
1950
8564
194
8564
2298
420
420
1950
8564
8564
194
198
8564
204
1015
8564
188
8564
420
1015
8564
8564
8564
8564
8564
8564
8564
8564
216
8564
8564
1950
8564
8564
8564
216
188
8564
8564
670
8564
8564
8564
8564
8564
216
8564
8564
279
8564
8564
8564
8564
1950
8564
8564
8564
216
8564
8564
8564
2298
8564
8564
8564
8564
8564
8564
8564
8564
8564
8564
8564
8564
8564
279
198
424
204
194
198
8564
204
8564
3732
279
204
420
1950
8564
8564
279
8564
204
8564
420
1950
8564
1950
8564
1209
8564
8564
216
8564
420
1950
8564
8564
279
190
487
8564
216
8564
8564
540
8564
8564
204
8564
2298
188
8564
279
8564
8564
204
8564
8564
216
8564
8564
216
231
8564
194
8564
198
8564
204
826
279
8564
204
567
8564
8564
8564
8564
8564
8564
216
8564
8564
8564
8564
8564
8564
1352
192
194
198
8564
204
2298
8564
2298
8564
8564
8564
8564
1345
8564
8564
8564
8564
8564
8564
8564
8564
1345
8564
1345
1345
8564
8564
8564
8564
8564
8564
8564
8564
8564
8564
8564
8564
8564
8564
8564
8564
8564
8564
8564
8564
8564
8564
8564
8564
8564
8564
1345
8564
1345
8564
8564
8564
8564
8564
194
420
1950
8564
420
1950
8564
1209
420
1950
8564
8564
8564
8564
420
1950
8564
192
8564
194
756
204
420
1015
8564
188
420
1950
8564
670
420
1015
8564
771
8564
8564
204
8564
8564
619
1950
8564
8564
670
8564
630
204
420
1015
8564
8564
198
8564
204
567
8564
234
204
1015
8564
8564
4783
513
188
8564
826
194
634
771
8564
204
8564
251
8564
204
8564
420
1015
8564
8564
8564
8564
8564
8564
216
8564
1513
279
8564
204
8564
192
2298
8564
1950
8564
8564
8564
8564
216
188
1950
8564
8564
188
8564
8564
8564
8564
216
826
8564
420
1015
8564
188
8564
8564
8564
188
8564
8564
8564
279
8564
8564
204
332
204
420
8564
188
8564
189
8564
8564
8564
204
188
192
1209
1137
505
640
1950
216
8564
8564
188
189
8564
8564
8564
8564
8564
204
8564
8564
332
8564
8564
8564
204
8564
8564
194
8564
8564
8564
409
192
756
204
8564
8564
8564
188
670
8564
771
8564
8564
8564
204
8564
8564
619
1950
8564
8564
670
8564
8564
188
8564
8564
216
826
194
8564
198
8564
204
8564
8564
8564
8564
8564
8564
8564
216
188
1950
8564
8564
188
8564
8564
8564
8564
216
1006
192
3732
8564
8564
8564
216
8564
8564
8564
8564
192
8564
8564
8564
8564
8564
8564
216
826
192
8564
8564
8564
8564
8564
8564
8564
8564
216
8564
8564
8564
8564
8564
216
8564
8564
8564
8564
8564
8564
8564
8564
8564
8564
8564
216
1209
8564
8564
8564
8564
8564
279
204
420
1950
420
1015
8564
8564
216
1209
8564
8564
279
204
8564
420
1950
8564
420
1015
8564
188
8564
1352
8564
8564
216
8564
8564
8564
8564
8564
8564
8564
8564
216
8564
8564
188
8564
8564
8564
8564
8564
8564
8564
216
8564
8564
8564
8564
188
8564
8564
8564
216
826
192
194
8564
3732
8564
8564
8564
216
8564
279
8564
204
8564
420
1950
8564
279
420
1015
8564
188
204
8564
8564
216
8564
8564
8564
420
1015
8564
1352
8564
8564
8564
8564
8564
216
8564
8564
231
192
420
1950
8564
420
1950
8564
420
1015
8564
420
1015
8564
765
420
1950
8564
188
8564
8564
8564
420
1015
8564
188
8564
8564
198
204
8564
8564
765
8564
8564
8564
8564
216
8564
8564
8564
188
188
194
251
190
1950
8564
619
194
1950
1950
8564
412
204
8564
8564
8564
670
8564
765
188
8564
8564
8564
8564
216
8564
8564
8564
756
8564
8564
8564
8564
8564
204
420
1015
8564
8564
8564
8564
8564
8564
216
8564
1513
279
8564
204
8564
192
2298
8564
8564
192
194
8564
198
8564
204
1006
8564
194
198
204
192
756
8564
8564
8564
8564
8564
204
8564
420
1950
8564
420
1015
8564
420
1015
8564
765
420
1950
8564
188
8564
8564
188
420
1950
8564
420
1950
8564
619
194
8564
194
756
204
8564
670
8564
8564
8564
198
204
420
1015
8564
412
8564
204
8564
8564
8564
8564
420
1950
8564
420
1950
8564
8564
1950
8564
194
198
8564
8564
204
8564
188
8564
8564
198
204
1950
8564
420
1015
8564
251
8564
8564
204
8564
8564
8564
1950
1950
8564
8564
8564
8564
8564
8564
8564
8564
216
8564
8564
8564
8564
8564
8564
8564
8564
8564
216
8564
1950
8564
8564
8564
8564
8564
8564
216
826
194
8564
198
8564
204
8564
8564
192
8564
8564
8564
8564
8564
216
192
192
3732
8564
188
8564
8564
8564
8564
8564
8564
8564
216
8564
8564
765
8564
8564
8564
8564
216
8564
420
1950
8564
1950
1950
8564
8564
188
8564
8564
8564
8564
8564
216
188
1950
8564
8564
8564
8564
8564
8564
216
1006
8564
8564
8564
8564
8564
8564
8564
216
231
8564
192
194
198
8564
8564
204
8564
8564
8564
8564
420
567
8564
724
234
8564
204
8564
8564
8564
8564
420
1015
8564
1950
8564
8564
420
1015
8564
420
1950
8564
420
1950
8564
420
1950
8564
420
1950
8564
1354
192
194
198
204
1352
420
1950
8564
8564
8564
216
8564
2298
420
1950
8564
8564
2298
8564
8564
216
8564
8564
8564
8564
420
1950
8564
8564
420
1950
8564
8564
420
1015
8564
2298
8564
3604
8564
8564
279
279
424
8564
204
194
756
8564
204
1015
8564
1950
8564
8564
8564
2298
8564
826
2298
8564
279
204
8564
3604
3604
8564
8564
8564
279
204
8564
2298
2298
8564
8564
8564
8564
8564
8564
8564
8564
2298
8564
8564
8564
8564
8564
8564
8564
8564
826
8564
279
204
567
8564
234
8564
8564
204
8564
8564
1950
8564
8564
540
8564
204
3604
1209
8564
826
8564
8564
216
231
279
204
3732
194
198
8564
609
2298
8564
8564
8564
8564
194
198
204
513
631
204
192
8564
216
3604
8564
3604
8564
8564
8564
8564
8564
8564
8564
8564
8564
8564
8564
8564
8564
8564
8564
8564
8564
8564
8564
1345
8564
8564
8564
8564
8564
8564
8564
8564
8564
8564
8564
8564
8564
8564
8564
8564
8564
8564
8564
8564
8564
8564
8564
8564
8564
8564
8564
8564
8564
8564
8564
8564
8564
8564
8564
8564
8564
8564
8564
8564
8564
8564
8564
8564
8564
8564
8564
8564
8564
8564
8564
8564
8564
8564
8564
8564
8564
8564
8564
8564
8564
8564
8564
8564
8564
8564
8564
8564
8564
8564
8564
8564
8564
8564
8564
8564
8564
8564
8564
8564
8564
8564
8564
8564
8564
1345
8564
8564
8564
8564
8564
8564
8564
8564
8564
8564
8564
8564
8564
8564
8564
1345
8564
8564
8564
8564
8564
8564
279
204
192
8564
194
198
8564
8564
8564
8564
8564
8564
8564
8564
8564
8564
204
333
403
586
192
641
8564
8564
190
8564
8564
8564
216
697
1191
192
1191
8564
8564
8564
234
333
8564
8564
190
586
641
8564
8564
194
194
412
8564
204
279
8564
204
333
8564
567
8564
697
8564
8564
8564
8564
216
8564
8564
8564
8564
619
567
8564
403
8564
8564
8564
204
8564
8564
8564
8564
8564
8564
8564
8564
8564
8564
204
8564
420
3732
8564
194
198
8564
204
8564
8564
826
8564
3732
826
8564
1352
8564
3732
194
8564
8564
194
8564
1209
194
8564
1006
194
8564
1209
8564
194
198
204
8564
8564
8564
8564
8564
8564
216
8564
8564
8564
8564
198
8564
609
8564
8564
8564
8564
8564
8564
8564
216
8564
8564
540
8564
8564
204
8564
2298
1209
1209
3732
3732
8564
194
8564
8564
8564
8564
216
8564
3732
216
8564
8564
8564
8564
8564
8564
8564
216
8564
8564
8564
8564
8564
8564
231
192
1209
8564
567
8564
1015
8564
8564
420
192
8564
8564
1950
1950
194
8564
1209
279
619
567
8564
8564
8564
8564
8564
8564
279
8564
8564
8564
8564
8564
8564
8564
8564
8564
8564
204
333
403
8564
8564
190
8564
216
697
1191
8564
192
1191
8564
8564
234
333
8564
8564
190
8564
194
194
412
8564
204
279
204
333
8564
567
8564
697
8564
8564
8564
216
8564
8564
8564
619
567
8564
403
8564
204
8564
204
8564
8564
8564
8564
8564
8564
216
333
403
8564
586
192
641
8564
8564
190
8564
8564
216
697
1191
8564
192
1191
8564
8564
234
333
8564
8564
190
586
641
8564
8564
194
194
412
8564
204
420
420
567
8564
697
8564
8564
8564
8564
8564
216
8564
8564
8564
8564
8564
567
8564
283
8564
8564
204
8564
204
8564
188
8564
4972
8564
8564
8564
8564
8564
8564
8564
216
8564
8564
8564
8564
8564
8564
420
1950
8564
8564
8564
8564
8564
216
333
403
586
192
641
8564
8564
190
8564
8564
216
420
697
1191
1191
8564
8564
8564
234
333
8564
8564
190
8564
8564
194
194
412
8564
204
420
567
8564
697
8564
8564
8564
8564
216
8564
8564
8564
8564
567
8564
403
8564
8564
204
8564
8564
8564
194
198
8564
8564
8564
8564
8564
8564
8564
8564
204
420
1950
8564
279
8564
8564
204
567
8564
234
204
8564
8564
8564
8564
216
8564
8564
3732
420
1950
8564
8564
420
1950
3829
8564
8564
8564
8564
8564
8564
8564
8564
216
420
1950
8564
8564
1513
279
8564
204
8564
192
2298
826
420
3732
8564
3732
194
198
8564
204
8564
8564
216
8564
417
204
180
8564
201
8564
8564
8564
204
204
567
8564
201
8564
8564
8564
204
826
1209
8564
420
1950
420
1950
420
1950
420
1950
420
1950
420
1950
420
1950
420
1950
420
1950
420
1950
420
1015
420
1950
420
1950
8564
8564
8564
216
8564
8564
8564
8564
8564
8564
8564
279
204
826
194
198
204
8564
8564
8564
8564
216
8564
8564
8564
8564
8564
8564
194
198
8564
8564
8564
8564
8564
8564
204
8564
8564
8564
8564
826
279
204
8564
8564
8564
8564
8564
8564
8564
8564
1950
8564
8564
188
198
8564
204
8564
1950
8564
8564
279
204
1950
8564
279
204
420
1950
8564
8564
8564
8564
8564
8564
216
8564
8564
8564
8564
279
8564
204
8564
3732
8564
8564
216
333
192
8564
619
1950
8564
420
8564
8564
8564
8564
619
1950
8564
279
8564
8564
8564
8564
8564
8564
204
8564
8564
194
198
204
8564
8564
279
204
8564
216
8564
1950
8564
8564
1950
8564
826
8564
8564
8564
8564
8564
8564
8564
8564
8564
216
8564
8564
8564
8564
8564
8564
8564
216
8564
8564
8564
8564
8564
8564
1950
8564
8564
1950
8564
8564
8564
8564
8564
8564
8564
216
420
1950
8564
8564
8564
8564
1950
8564
8564
1950
8564
826
8564
8564
420
1015
8564
188
420
1950
8564
420
1950
8564
567
8564
420
1950
8564
194
1015
8564
8564
8564
8564
8564
8564
8564
216
8564
8564
8564
8564
8564
8564
8564
567
8564
8564
8564
8564
8564
8564
8564
8564
8564
8564
216
8564
8564
8564
8564
8564
8564
8564
8564
8564
3732
420
1950
8564
420
1950
8564
420
1950
3829
8564
8564
8564
8564
8564
8564
8564
8564
216
8564
8564
567
8564
8564
8564
8564
8564
8564
8564
8564
8564
8564
216
826
8564
8564
8564
8564
8564
8564
8564
8564
8564
216
8564
8564
8564
8564
216
8564
8564
8564
8564
8564
8564
216
8564
201
204
8564
8564
8564
216
8564
826
8564
188
567
8564
194
8564
8564
8564
8564
8564
8564
8564
216
8564
8564
8564
8564
8564
8564
8564
231
420
1950
8564
420
1950
8564
420
1950
8564
8564
420
1950
8564
279
8564
8564
420
279
190
1950
8564
1015
8564
8564
8564
8564
216
333
403
8564
8564
8564
190
8564
216
697
1191
1191
8564
8564
8564
234
333
8564
8564
190
8564
194
194
412
8564
204
420
420
567
8564
697
8564
8564
8564
216
8564
8564
8564
567
8564
283
8564
204
8564
8564
8564
8564
204
8564
8564
216
8564
8564
216
8564
8564
540
8564
8564
204
333
403
8564
8564
8564
190
8564
216
697
1191
1191
8564
8564
8564
234
8564
333
190
8564
8564
194
194
412
8564
204
420
420
567
8564
697
8564
8564
8564
216
8564
8564
8564
567
8564
283
8564
204
8564
8564
8564
8564
204
8564
8564
216
333
403
8564
8564
190
8564
8564
216
420
697
1191
1191
8564
8564
8564
234
333
8564
8564
190
8564
194
194
412
8564
204
420
567
8564
697
8564
8564
8564
216
8564
8564
8564
567
8564
403
8564
8564
204
8564
8564
8564
8564
204
8564
1047
8564
194
198
204
8564
8564
216
8564
279
204
609
8564
8564
216
8564
279
8564
204
8564
567
8564
234
619
420
8564
8564
8564
204
8564
194
879
8564
216
333
403
8564
8564
190
8564
216
697
1191
1191
8564
8564
8564
234
333
8564
8564
190
8564
194
194
412
8564
204
420
420
567
8564
697
8564
8564
8564
216
8564
8564
8564
567
8564
403
8564
204
8564
204
8564
8564
216
231
8564
8564
8564
8564
8564
8564
8564
8564
198
8564
204
8564
826
194
8564
8564
8564
279
204
8564
8564
8564
8564
8564
8564
194
198
8564
204
8564
8564
192
2298
192
8564
2298
8564
216
8564
8564
216
8564
8564
8564
8564
8564
8564
8564
8564
8564
8564
8564
8564
8564
252
8564
8564
8190
8564
8564
8564
8564
1209
8564
252
8564
194
198
8564
204
8564
8564
279
8564
8564
8564
204
8564
8564
8564
8564
216
8564
8564
8564
826
3732
194
8564
8564
826
8564
8564
194
198
8564
8564
204
8564
8564
420
1015
8564
420
1950
8564
8564
8564
1513
279
8564
204
2298
192
8564
8564
8564
8564
8564
216
192
8564
8564
8564
216
231
8564
8564
8564
8564
8564
8564
8564
8564
8564
8564
8564
8564
8564
3722
8564
8564
8564
8564
8564
8564
8564
1209
8564
826
8564
8564
279
8564
8564
204
420
1950
8564
279
8564
8564
204
420
1950
8564
1209
8564
194
198
8564
8564
204
8564
8564
8564
420
1950
8564
8564
8564
8564
8564
8564
216
8564
8564
8564
8564
8564
279
8564
204
8564
3732
8564
8564
8564
8564
216
8564
8564
8564
8564
540
8564
204
2298
8564
216
8564
8564
8564
8564
567
8564
8564
8564
8564
368
8564
8564
8564
216
231
8564
8564
8564
8564
8564
8564
8564
8564
8564
8564
8564
8564
8564
8564
8564
8564
8564
8564
8564
8564
8564
8564
8564
8564
8564
8564
8564
8564
8564
8564
8564
8564
8564
8564
8564
8564
8564
8564
8564
8564
8564
8564
8564
8564
8564
8564
8564
8564
1345
8564
8564
8564
8564
1345
8564
1209
8564
8564
8564
8564
8564
8564
8564
8564
8564
279
204
420
1950
8564
8564
420
1015
8564
547
8564
420
1950
8564
194
8564
279
204
8564
8564
279
204
8564
8564
279
204
871
8564
8564
8564
8564
279
204
3732
8564
8564
194
198
8564
204
8564
1950
8564
279
8564
204
420
1950
8564
216
547
198
8564
204
8564
420
567
8564
724
234
8564
8564
8564
8564
204
8564
8564
420
1950
8564
1209
826
8564
8564
8564
8564
8564
216
8564
8564
8564
194
8564
8564
914
8564
8564
252
8564
8564
420
1950
8564
194
8564
8564
8564
8564
8564
8564
8564
8564
216
8564
8564
216
8564
8564
420
1950
8564
8564
8564
8564
8564
8564
8564
8564
216
8564
8564
8564
8564
8564
8564
420
1950
8564
279
204
3732
216
420
1950
8564
279
204
8564
216
279
8564
8564
8564
8564
204
3732
8564
8564
8564
8564
216
8564
8564
8564
8564
8564
8564
8564
8564
8564
216
420
1950
8564
8564
1513
279
8564
204
2298
8564
8564
8564
8564
216
420
1950
8564
8564
8564
8564
8564
216
8564
8564
216
8564
8564
8564
8564
420
1015
8564
188
420
1015
8564
420
1950
8564
547
188
8564
8564
420
1015
8564
547
8564
8564
1006
8564
8564
8564
8564
420
1950
8564
194
8564
279
204
8564
1950
8564
8564
8564
216
8564
252
8564
8564
279
204
8564
8564
8564
216
333
1191
8564
8564
8564
190
8564
8564
216
697
1191
8564
1191
8564
8564
333
190
8564
8564
194
194
412
8564
204
234
8564
8564
420
8564
8564
8564
204
8564
8564
619
567
8564
619
567
8564
697
1303
8564
8564
204
8564
8564
216
8564
8564
1209
8564
420
1015
8564
253
8564
420
1950
8564
8564
194
198
8564
8564
8564
8564
8564
8564
8564
204
1209
8564
192
8564
194
8564
8564
8564
8564
8564
8564
8564
8564
8564
216
8564
252
8564
194
198
8564
204
8564
8564
8564
8564
252
8564
8564
194
198
8564
279
424
204
1950
8564
279
204
1209
8564
279
204
8564
8564
8564
8564
8564
8564
194
8564
8564
252
8564
194
198
8564
8564
1015
204
8564
188
198
8564
8564
8564
8564
8564
204
8564
8564
8564
216
8564
8564
420
1950
8564
420
1950
8564
420
420
1015
8564
253
8564
8564
420
1015
8564
8564
8564
420
1950
8564
8564
8564
8564
420
1950
8564
420
1950
8564
8564
194
198
8564
8564
8564
8564
8564
8564
8564
204
1352
194
198
8564
8564
8564
204
3732
279
8564
8564
8564
8564
8564
8564
204
420
1015
8564
8564
194
198
8564
8564
8564
8564
8564
8564
8564
8564
204
8564
8564
420
1950
8564
8564
8564
194
198
8564
204
420
420
1950
1950
8564
194
198
8564
204
8564
279
204
3732
8564
8564
8564
8564
8564
8564
216
8564
8564
252
1209
1950
8564
420
1950
8564
8564
8564
8564
8564
8564
8564
216
8564
420
1950
8564
8564
216
8564
567
8564
8564
8564
8564
8564
8564
8564
216
8564
420
1950
8564
8564
216
8564
8564
420
1950
8564
8564
8564
8564
8564
216
8564
8564
8564
8564
231
8564
8564
8564
8564
216
8564
8564
8564
8564
8564
420
1950
8564
1015
8564
8564
216
3732
216
8564
194
8564
8564
420
1950
8564
194
8564
8564
204
420
1015
8564
198
8564
204
420
1950
8564
1015
8564
198
8564
204
8564
8564
8564
8564
8564
8564
8564
8564
216
8564
8564
8564
8564
8564
8564
216
8564
420
1950
8564
8564
8564
8564
420
1950
8564
216
188
420
1950
8564
420
1950
8564
420
1950
8564
194
513
8564
216
420
1015
8564
8564
194
198
8564
8564
8564
8564
8564
8564
8564
204
8564
500
8564
8564
8564
8564
8564
8564
192
8564
420
1015
8564
420
1950
8564
194
8564
8564
1513
279
8564
204
2298
231
8564
8564
8564
8564
1345
1345
8564
8564
8564
8564
8564
8564
8564
8564
8564
8564
8564
8564
8564
8564
8564
8564
8564
8564
8564
8564
8564
8564
8564
8564
8564
8564
8564
8564
8564
8564
8564
8564
8564
8564
8564
8564
8564
8564
8564
8564
8564
8564
8564
8564
8564
8564
8564
8564
8564
8564
8564
8564
8564
8564
8564
8564
8564
8564
8564
8564
8564
8564
8564
8564
8564
8564
8564
8564
8564
8564
8564
8564
8564
8564
1345
8564
8564
8564
8564
8564
8564
8564
1345
8564
8564
8564
8564
8564
8564
8564
8564
8564
8564
1345
8564
8564
8564
8564
8564
8564
8564
8564
8564
8564
8564
8564
8564
8564
8564
8564
8564
8564
8564
8564
8564
8564
8564
8564
8564
8564
8564
8564
8564
8564
8564
8564
8564
8564
8564
8564
8564
8564
1345
1345
1345
1345
8564
8564
1345
8564
8564
8564
8564
8564
1345
8564
8564
8564
1209
8564
8564
8564
8564
8564
8564
8564
1209
8564
8564
1950
8564
8564
420
1950
8564
8564
1006
1006
1006
8564
1209
279
204
8564
194
198
8564
8564
8564
204
8564
279
8564
204
567
8564
234
8564
8564
204
8564
188
198
8564
8564
204
8564
8564
420
8564
279
8564
204
8564
8564
194
198
8564
8564
279
424
204
826
194
198
204
8564
279
8564
8564
204
567
8564
234
8564
8564
8564
204
8564
8564
8564
756
8564
204
8564
216
8564
756
8564
204
8564
216
8564
188
630
204
188
188
8564
409
8564
8564
8564
8564
8564
194
198
204
198
8564
188
8564
8564
8564
192
567
8564
8564
8564
8564
8564
8564
8564
216
8564
279
204
567
8564
234
204
826
194
198
8564
8564
204
8564
279
8564
8564
8564
8564
8564
216
8564
8564
8564
8564
8564
8564
8564
216
8564
8564
8564
8564
8564
8564
420
1950
8564
1950
8564
420
1950
8564
1352
420
1950
8564
1950
8564
420
1950
8564
8564
420
1950
8564
8564
8564
8564
8564
8564
8564
216
8564
8564
8564
8564
8564
8564
8564
8564
8564
8564
216
8564
1950
8564
8564
1513
279
8564
8564
204
8564
2298
8564
198
8564
204
188
826
194
198
8564
8564
204
8564
8564
194
198
8564
8564
204
8564
279
8564
8564
8564
8564
8564
8564
8564
8564
216
8564
8564
8564
8564
8564
8564
8564
216
1352
8564
420
1015
8564
252
1020
8564
8564
8564
204
420
1015
8564
252
1020
8564
8564
204
420
1015
8564
252
1020
8564
8564
204
279
8564
8564
8564
8564
8564
8564
216
826
8564
192
3732
194
198
204
1209
1209
8564
8564
279
204
1006
1006
1209
8564
279
204
8564
8564
279
8564
8564
8564
8564
8564
8564
204
8564
8564
8564
8564
8564
8564
8564
216
8564
8564
8564
8564
8564
1950
8564
279
8564
8564
8564
8564
8564
8564
8564
204
8564
1209
1209
609
198
8564
8564
8564
8564
8564
8564
8564
8564
216
500
420
567
8564
234
540
424
204
8564
201
204
8564
192
8564
8564
8564
8564
8564
8564
8564
216
8564
8564
8564
8564
420
619
1950
8564
279
8564
8564
8564
8564
8564
8564
8564
8564
204
8564
8564
8564
8564
8564
8564
8564
8564
567
8564
234
8564
8564
204
198
8564
204
1137
420
505
8564
8564
201
8564
8564
8564
8564
204
619
279
8564
8564
8564
8564
8564
204
8564
8564
8564
567
8564
567
8564
700
619
640
8564
8564
204
8564
8564
4817
424
8564
8564
204
192
8564
8564
8564
8564
8564
8564
8564
8564
8564
8564
8564
204
333
403
586
192
641
8564
8564
190
8564
8564
216
697
1191
8564
1191
8564
8564
234
333
8564
8564
190
420
8564
8564
194
194
412
8564
204
420
567
8564
567
8564
697
8564
8564
8564
8564
8564
216
8564
8564
8564
8564
8564
403
8564
8564
204
333
403
8564
586
192
641
8564
8564
190
8564
8564
216
697
1191
192
1191
8564
8564
8564
234
333
8564
8564
190
586
641
8564
8564
194
194
412
8564
204
420
420
567
8564
697
8564
8564
8564
8564
8564
216
8564
8564
8564
8564
8564
567
8564
283
8564
8564
204
826
279
8564
204
8564
8564
8564
8564
8564
8564
216
8564
8564
8564
8564
216
8564
8564
8564
567
194
8564
8564
8564
8564
8564
8564
8564
216
8564
420
1950
8564
8564
8564
188
8564
216
8564
420
1950
8564
8564
8564
188
8564
216
8564
8564
192
8564
8564
8564
8564
8564
8564
8564
8564
216
8564
3732
194
198
204
192
8564
8564
8564
8564
8564
8564
8564
216
8564
724
234
8564
8564
8564
8564
8564
8564
8564
8564
8564
8564
204
8564
8564
8564
192
194
198
8564
204
8564
8564
8564
8564
420
1950
8564
420
1950
8564
194
513
8564
194
198
8564
204
192
8564
8564
8564
216
8564
8564
8564
420
1950
8564
194
8564
420
1950
8564
194
8564
420
1950
8564
194
8564
420
1950
8564
194
8564
513
8564
420
1950
8564
194
8564
420
1950
8564
194
8564
420
1950
8564
194
8564
194
8564
8564
194
513
8564
420
1950
8564
194
8564
194
8564
3732
420
1950
8564
420
1950
8564
1950
8564
279
204
1015
8564
198
8564
8564
8564
8564
204
188
420
1950
8564
1950
8564
8564
1352
420
1950
8564
1950
8564
8564
8564
8564
8564
8564
420
1950
8564
192
8564
216
8564
8564
8564
8564
8564
8564
216
8564
8564
8564
8564
8564
8564
8564
204
1950
8564
8564
8564
8564
619
8564
1950
8564
8564
8564
8564
8564
8564
8564
216
8564
612
8564
8564
8564
8564
8564
216
8564
8564
1137
505
1137
505
1137
505
8564
8564
8564
8564
8564
8564
8564
216
8564
8564
8564
8564
8564
8564
826
8564
194
198
204
8564
8564
8564
420
1950
8564
1950
8564
279
8564
8564
8564
8564
8564
204
8564
8564
567
342
8564
619
1950
8564
8564
619
1950
8564
420
619
1950
8564
279
8564
8564
8564
204
1137
505
8564
8564
8564
216
8564
8564
8564
8564
724
234
8564
8564
8564
8564
8564
8564
204
279
8564
8564
8564
204
8564
8564
8564
8564
216
8564
8564
8564
8564
188
8564
8564
188
8564
188
8564
8564
8564
8564
8564
8564
8564
216
8564
188
8564
8564
8564
8564
8564
8564
8564
8564
216
8564
8564
188
567
8564
8564
8564
8564
8564
8564
8564
8564
216
8564
8564
1352
8564
8564
8564
8564
8564
216
8564
640
192
8564
3732
8564
8564
8564
8564
8564
8564
8564
216
8564
8564
1137
420
505
8564
8564
420
1950
8564
1950
8564
279
8564
8564
8564
8564
8564
204
8564
8564
1352
8564
8564
619
420
1950
8564
1950
8564
619
1950
8564
420
8564
619
1950
8564
279
8564
8564
8564
8564
8564
8564
204
8564
8564
8564
1209
8564
194
198
204
8564
8564
8564
8564
8564
216
8564
8564
188
567
8564
8564
8564
8564
8564
8564
8564
8564
8564
216
8564
8564
188
567
8564
8564
8564
8564
8564
8564
8564
8564
216
8564
198
8564
8564
8564
204
8564
8564
8564
8564
8564
216
8564
8564
8564
8564
231
8564
826
194
198
204
279
204
420
1950
8564
3732
8564
279
8564
204
1352
194
198
8564
8564
8564
204
1209
8564
8564
8564
420
1015
8564
253
8564
420
8564
194
420
1015
8564
8564
8564
8564
192
194
756
8564
8564
8564
204
8564
8564
8564
826
194
198
8564
8564
8564
8564
8564
204
8564
8564
1513
279
8564
8564
204
420
8564
194
198
8564
8564
204
1950
8564
8564
1352
194
198
8564
8564
204
8564
192
8564
8564
8564
8564
8564
216
8564
1354
192
194
756
8564
8564
8564
8564
8564
204
826
192
1352
8564
188
8564
8564
8564
8564
8564
216
826
192
1352
8564
8564
8564
8564
216
8564
8564
8564
8564
8564
216
8564
567
8564
8564
8564
8564
8564
216
8564
8564
8564
231
8564
8564
194
198
8564
8564
8564
204
8564
279
204
1950
8564
609
8564
8564
8564
216
619
279
8564
8564
8564
8564
8564
204
8564
8564
8564
567
8564
567
8564
700
619
640
8564
8564
204
8564
8564
4817
424
8564
8564
8564
204
8564
8564
8564
8564
8564
194
198
8564
8564
8564
204
8564
194
198
8564
8564
8564
204
8564
194
198
8564
8564
8564
204
8564
194
198
8564
8564
8564
204
8564
194
198
8564
8564
8564
8564
8564
204
8564
8564
1513
279
8564
8564
204
8564
8564
567
8564
8564
8564
216
8564
8564
8564
216
8564
231
8564
8564
194
198
8564
204
8564
194
198
8564
204
8564
8564
8564
8564
8564
8564
8564
8564
216
333
403
586
192
641
8564
8564
190
8564
8564
216
420
697
1191
8564
192
1191
8564
8564
234
333
8564
8564
190
586
641
8564
8564
194
194
412
8564
204
420
567
8564
697
8564
8564
8564
8564
8564
216
8564
8564
8564
8564
8564
567
8564
403
8564
8564
204
8564
8564
216
8564
540
8564
8564
204
8564
204
8564
8564
8564
420
1950
8564
8564
420
1950
8564
279
204
8564
8564
8564
8564
194
198
8564
204
826
194
198
204
8564
420
1015
8564
858
198
8564
204
547
198
8564
204
547
198
8564
204
826
194
198
204
8564
8564
8564
8564
216
8564
8564
216
8564
8564
8564
216
8564
8564
188
8564
420
1950
8564
8564
216
8564
8564
216
8564
8564
8564
216
8564
8564
8564
216
8564
8564
8564
216
8564
8564
8564
216
8564
8564
8564
216
8564
8564
8564
216
231
8564
8564
8564
8564
252
8564
8564
8564
8564
198
8564
204
8564
8564
8564
8564
194
198
8564
8564
204
420
1015
216
8564
513
188
8564
8564
8564
194
198
8564
8564
204
8564
8564
8564
420
1950
8564
420
1950
8564
1352
8564
420
1015
8564
547
8564
194
420
1015
8564
420
1015
8564
8564
8564
216
8564
540
8564
204
3604
826
8564
8564
194
8564
194
8564
420
1950
8564
194
8564
8564
8564
194
198
8564
204
8564
8564
216
8564
8564
216
231
8564
8564
8564
3604
8564
3604
8564
3604
8564
8564
8564
8564
8564
8564
3604
8564
8564
8564
8564
8564
8564
8564
8564
8564
8564
8564
8564
1950
8564
8564
279
204
8564
194
198
8564
204
8564
420
1950
8564
8564
8564
420
1950
8564
3732
8564
420
1950
8564
8564
420
1015
8564
8564
420
1950
8564
194
8564
8564
8564
3732
216
8564
8564
420
1015
8564
420
1950
8564
8564
8564
1513
279
8564
204
2298
192
8564
8564
420
1015
8564
8564
420
1950
8564
8564
216
8564
420
1015
8564
8564
420
1950
8564
194
8564
216
231
8564
8564
8564
8564
8564
1345
8564
8564
8564
8564
194
8564
198
8564
8564
204
8564
198
8564
8564
204
417
204
1194
216
252
417
8564
204
1194
8564
216
8564
8564
540
8564
8564
204
8564
2298
231
826
8564
8564
8564
8564
420
8564
8564
8564
8564
204
8564
8564
8564
2298
8564
8564
8564
2298
