8564
8564
8564
8564
8564
8564
8564
8564
8564
8564
8564
8564
8564
8564
8564
8564
8564
8564
8564
8564
8564
8564
8564
8564
8564
8564
8564
8564
8564
8564
8564
8564
8564
8564
8564
8564
8564
8564
8564
8564
8564
8564
8564
8564
8564
8564
8564
8564
8564
8564
8564
8564
8564
8564
8564
8564
8564
8564
8564
8564
8564
8564
8564
8564
8564
8564
8564
8564
8564
8564
8564
8564
8564
8564
8564
8564
8564
8564
8564
8564
8564
8564
8564
8564
8564
8564
8564
8564
8564
8564
8564
8564
8564
8564
8564
8564
8564
8564
8564
8564
8564
8564
8564
8564
8564
8564
8564
8564
8564
8564
8564
8564
8564
8564
8564
8564
8564
8564
8564
8564
8564
8564
8564
8564
8564
8564
8564
8564
8564
8564
8564
8564
8564
8564
8564
8564
8564
8564
8564
8564
8564
8564
8564
8564
8564
8564
8564
8564
8564
8564
8564
8564
8564
8564
8564
8564
8564
8564
8564
8564
8564
8564
8564
8564
8564
8564
8564
8564
8564
8564
8564
8564
8564
8564
8564
8564
8564
8564
8564
8564
8564
8564
8564
8564
8564
8564
8564
8564
8564
8564
8564
8564
8564
8564
8564
8564
8564
8564
8564
8564
8564
8564
8564
8564
8564
8564
8564
8564
8564
8564
8564
8564
8564
8564
8564
8564
8564
8564
8564
8564
8564
8564
8564
8564
8564
8564
8564
8564
8564
8564
8564
8564
8564
8564
8564
8564
8564
8564
8564
8564
8564
8564
8564
8564
8564
8564
8564
8564
8564
8564
8564
8564
8564
8564
8564
8564
8564
8564
8564
8564
8564
8564
8564
8564
8564
8564
8564
8564
8564
8564
8564
8564
8564
8564
8564
8564
8564
8564
8564
8564
8564
8564
8564
8564
8564
8564
8564
8564
8564
8564
8564
8564
8564
8564
8564
8564
8564
8564
8564
8564
8564
8564
8564
8564
8564
8564
8564
8564
8564
8564
8564
8564
8564
8564
8564
8564
8564
8564
8564
8564
8564
8564
8564
8564
8564
8564
8564
8564
8564
8564
8564
8564
8564
8564
8564
8564
8564
8564
8564
8564
8564
8564
8564
8564
8564
8564
8564
8564
8564
8564
8564
8564
8564
8564
8564
8564
8564
8564
8564
8564
8564
8564
8564
8564
8564
8564
8564
8564
8564
8564
8564
8564
8564
8564
8564
8564
8564
8564
8564
8564
8564
8564
8564
8564
8564
8564
8564
8564
8564
8564
8564
8564
8564
8564
8564
8564
8564
8564
8564
8564
8564
8564
8564
8564
8564
8564
8564
8564
8564
8564
8564
8564
8564
8564
8564
8564
8564
8564
8564
8564
8564
8564
8564
8564
8564
8564
8564
8564
8564
8564
8564
8564
8564
8564
8564
8564
8564
8564
8564
8564
8564
8564
8564
8564
8564
8564
8564
8564
8564
8564
8564
8564
8564
8564
8564
8564
8564
8564
8564
8564
8564
8564
8564
8564
8564
8564
8564
8564
8564
8564
8564
8564
8564
8564
8564
8564
8564
8564
8564
8564
8564
8564
3502
8564
8564
8564
8564
8564
8564
8564
8564
8564
8564
8564
8564
8564
8564
8564
48
8564
8564
8564
8564
8564
8564
8564
8564
8564
48
8564
8564
8564
8564
8564
8564
48
8564
8564
3502
8564
8564
8564
8564
8564
48
8564
8564
8564
8564
1345
8564
4783
513
8564
8564
198
204
231
216
824
824
257
8564
8564
8564
8564
8564
8564
8564
8564
257
8564
8564
257
8564
8564
257
8564
4846
257
8564
8564
257
8564
8564
257
8564
8564
257
8564
8564
257
8564
8564
8564
8564
8564
257
8564
4739
263
8564
8564
1065
8564
3634
263
8564
3776
315
8564
4972
257
8564
8564
257
8564
8564
257
8564
4783
257
8564
8564
257
8564
4972
257
8564
3627
257
8564
8564
257
8564
8564
8564
8564
8564
257
8564
8564
257
8564
4783
257
8564
4972
257
8564
8564
257
8564
8564
315
8564
8564
315
8564
5012
315
8564
8564
257
8564
824
257
8564
824
257
8564
4972
257
8564
8564
257
8564
3776
315
8564
8564
257
8564
8564
257
8564
4783
257
8564
8564
257
8564
8564
8564
8564
8564
257
8564
8564
257
8564
824
257
8564
8564
257
8564
5012
315
8564
5012
315
8564
8564
257
8564
8564
257
8564
8564
263
8564
3776
315
8564
8564
1065
8564
8564
1065
8564
4783
257
8564
657
315
8564
4739
263
8564
8564
8564
8564
8564
257
8564
8564
315
8564
8564
257
8564
4972
257
8564
8564
257
8564
8564
257
8564
8564
257
8564
8564
257
8564
8564
257
8564
4846
257
8564
4972
257
8564
824
257
8564
8564
263
8564
8564
257
8564
8564
257
8564
8564
315
8564
8564
1065
8564
4846
257
8564
4783
257
8564
8564
315
8564
8564
315
8564
3627
257
8564
8564
1065
8564
8564
257
8564
8564
257
8564
8564
257
8564
8564
257
8564
8564
315
8564
824
257
8564
8564
257
8564
8564
1065
8564
657
315
8564
4923
315
8564
8564
315
8564
8564
257
8564
8564
257
8564
8564
257
8564
4783
257
8564
4846
257
8564
8564
8564
8564
8564
257
8564
8564
1065
8564
8564
257
8564
8564
263
8564
8564
257
8564
8564
257
8564
4972
257
8564
8564
257
8564
8564
8564
8564
8564
263
8564
5012
315
8564
8564
257
8564
8564
257
8564
231
263
8564
8564
257
8564
4783
257
8564
8564
8564
8564
8564
257
8564
8564
1137
505
2298
8564
8564
257
8564
8564
257
8564
8564
8564
8564
8564
315
8564
4783
257
8564
8564
257
8564
8564
257
8564
8564
8564
8564
8564
8564
8564
8564
263
8564
8564
8564
8564
8564
1065
8564
4783
257
8564
8564
263
8564
8564
315
8564
8564
257
8564
231
263
8564
1345
8564
8564
8564
8564
8564
4783
8564
8564
824
8564
8564
204
8564
8564
204
513
4783
8564
216
8564
198
8564
204
8564
8564
8564
8564
216
4783
8564
216
824
257
8564
1345
8564
1345
8564
1622
8564
824
232
8564
1345
8564
257
8564
481
8564
481
8564
1345
1345
8564
8564
234
8564
204
8564
8564
8564
8564
204
8564
513
8564
8564
8564
204
8564
216
824
8564
257
257
8564
824
257
8564
1345
1345
1345
1345
1345
1345
8564
8564
8564
8564
8564
513
630
204
858
756
8564
8564
204
513
253
431
8564
216
8564
694
858
8564
216
8564
8564
8564
8564
204
858
756
8564
8564
204
513
253
431
8564
216
8564
858
8564
216
513
198
8564
424
8564
204
858
756
8564
8564
204
513
253
431
8564
216
8564
694
858
8564
216
8564
198
8564
204
8564
8564
216
8564
257
8564
1345
1345
8564
8564
513
8564
8564
198
513
8564
8564
612
670
879
601
634
424
634
8564
8564
204
8564
8564
8564
216
513
4783
8564
8564
8564
8564
670
8564
8564
824
8564
216
8564
257
8564
1345
1345
1345
1345
1345
1345
1345
1345
1345
1345
1345
1345
1345
1345
1345
8564
1345
3722
1345
8564
8564
234
8564
8564
204
513
8564
8564
8564
8564
630
204
513
198
8564
424
204
513
8564
8564
513
8564
8564
653
198
8564
204
8564
8564
8564
4783
8564
8564
8564
8564
8564
216
513
630
8564
204
513
8564
8564
8564
8564
513
8564
8564
513
8564
8564
513
8564
8564
513
8564
8564
8564
198
8564
8564
204
8564
8564
216
8564
513
8564
8564
513
8564
8564
513
8564
8564
513
8564
8564
513
8564
8564
216
513
198
8564
424
8564
204
513
8564
8564
198
8564
204
8564
8564
234
8564
204
8564
8564
513
8564
8564
8564
8564
8564
756
8564
8564
204
8564
8564
8564
8564
8564
8564
8564
8564
8564
8564
216
8564
8564
513
8564
8564
8564
8564
8564
756
8564
8564
8564
204
8564
198
8564
204
8564
513
8564
8564
8564
8564
216
8564
513
8564
216
8564
8564
8564
4783
8564
8564
8564
8564
756
8564
8564
8564
204
8564
8564
198
8564
513
204
8564
8564
8564
234
8564
204
8564
216
8564
8564
8564
8564
8564
216
8564
198
204
8564
8564
8564
234
8564
204
8564
216
513
8564
8564
513
8564
513
8564
8564
513
8564
8564
513
8564
8564
8564
8564
8564
513
8564
8564
513
8564
8564
513
8564
8564
513
8564
8564
8564
216
513
8564
8564
513
8564
8564
8564
8564
513
8564
8564
513
8564
8564
513
8564
8564
8564
8564
8564
8564
234
204
8564
8564
8564
204
513
8564
8564
8564
412
204
8564
513
8564
8564
8564
8564
8564
8564
8564
8564
8564
8564
8564
513
8564
8564
513
8564
8564
513
8564
8564
513
8564
8564
8564
216
824
257
8564
8564
8564
8564
8564
8564
756
8564
204
513
8564
8564
8564
8564
216
8564
8564
8564
204
513
8564
8564
8564
412
204
8564
513
8564
8564
8564
8564
8564
8564
8564
8564
8564
8564
8564
513
8564
8564
513
8564
8564
513
8564
8564
513
8564
8564
8564
216
8564
824
513
8564
8564
630
8564
204
8564
8564
513
198
8564
424
8564
204
513
8564
8564
8564
513
8564
8564
513
8564
8564
513
8564
8564
198
8564
204
513
8564
513
8564
513
8564
513
8564
513
8564
8564
8564
8564
216
8564
8564
8564
8564
8564
216
8564
513
8564
8564
412
8564
8564
204
513
8564
8564
412
8564
8564
204
513
8564
8564
412
8564
8564
204
513
8564
8564
412
8564
8564
204
8564
8564
8564
8564
8564
513
8564
8564
8564
8564
756
8564
8564
204
8564
8564
8564
8564
8564
8564
8564
8564
8564
8564
8564
8564
8564
8564
8564
8564
8564
8564
8564
216
8564
8564
8564
198
204
8564
8564
216
8564
216
8564
8564
4783
198
8564
8564
8564
8564
204
8564
8564
8564
198
8564
8564
8564
204
8564
257
8564
8564
8564
8564
8564
1345
1345
1345
8564
1345
1345
8564
8564
234
204
8564
8564
8564
8564
216
8564
8564
8564
4621
204
4637
204
1156
647
8564
833
1347
234
8564
204
513
8564
8564
8564
216
513
8564
8564
8564
216
513
8564
8564
8564
216
513
8564
8564
8564
216
513
8564
8564
8564
216
513
8564
8564
8564
216
513
8564
8564
8564
216
513
8564
8564
8564
216
647
431
675
1191
204
513
8564
8564
8564
8564
216
513
8564
8564
513
8564
8564
513
8564
8564
513
8564
8564
8564
216
8564
8564
8564
216
513
8564
513
8564
8564
234
8564
8564
8564
204
481
8564
3722
1345
1345
1345
1345
1345
1345
1345
1345
513
8564
8564
8564
513
8564
8564
8564
8564
293
8564
8564
8564
765
630
204
293
293
8564
216
513
8564
8564
8564
8564
198
513
8564
8564
204
513
8564
8564
8564
8564
8564
216
4783
513
8564
8564
4783
8564
8564
8564
216
8564
8564
8564
8564
8564
8564
8564
547
198
8564
472
670
8564
8564
8564
252
8564
8564
513
8564
8564
4783
198
204
8564
4783
216
8564
8564
257
8564
1345
1345
1345
3722
1345
1345
1345
1345
3722
3722
1345
1345
1345
1345
3722
8564
8564
1345
1345
8564
8564
1345
670
293
8564
234
8564
198
8564
8564
8564
8564
8564
204
8564
8564
204
8564
513
8564
8564
234
8564
412
8564
8564
8564
8564
8564
204
8564
8564
234
424
8564
204
564
8564
8564
8564
8564
8564
8564
513
8564
513
8564
513
8564
513
8564
858
858
675
8564
647
234
694
198
547
198
8564
694
8564
8564
1011
564
670
8564
8564
8564
8564
8564
201
8564
8564
8564
8564
8564
8564
8564
8564
204
8564
8564
8564
8564
8564
876
630
8564
8564
8564
204
8564
8564
8564
8564
8564
8564
8564
8564
8564
8564
513
8564
8564
513
8564
8564
513
8564
8564
513
8564
8564
8564
8564
8564
8564
216
8564
670
513
412
8564
8564
8564
204
8564
8564
234
8564
8564
8564
204
8564
8564
251
612
670
8564
204
878
876
653
8564
216
8564
878
810
757
8564
204
876
878
653
8564
216
547
653
8564
876
810
885
8564
653
8564
8564
8564
8564
1011
564
670
8564
8564
8564
8564
8564
201
8564
8564
8564
8564
8564
8564
8564
8564
8564
204
8564
8564
201
8564
204
8564
8564
8564
8564
8564
8564
8564
8564
513
8564
8564
513
8564
8564
513
8564
8564
513
8564
8564
8564
8564
216
8564
257
8564
1345
1345
1345
1345
1345
1345
1345
1345
1345
1345
1345
8564
8564
8564
252
8564
513
8564
8564
8564
513
8564
8564
8564
513
8564
8564
513
8564
8564
8564
513
8564
8564
8564
513
8564
8564
8564
513
8564
8564
8564
513
8564
8564
8564
252
8564
513
8564
8564
8564
513
8564
8564
8564
513
8564
8564
8564
513
8564
8564
8564
513
8564
8564
513
8564
8564
513
8564
8564
198
204
8564
3634
216
8564
513
4783
8564
8564
949
8564
8564
547
198
204
630
431
630
198
810
8564
8564
8564
204
8564
8564
653
198
8564
204
8564
198
8564
8564
204
8564
198
8564
8564
204
252
8564
8564
8564
8564
8564
8564
8564
216
8564
257
8564
1345
1345
1345
1345
1345
1345
1345
1345
1345
1345
1345
1345
1345
8564
8564
8564
513
8564
8564
513
8564
8564
513
8564
8564
8564
513
8564
8564
8564
513
8564
8564
8564
513
8564
8564
8564
513
8564
8564
8564
513
8564
8564
513
8564
8564
513
8564
8564
8564
513
8564
8564
8564
513
8564
8564
8564
513
8564
8564
8564
513
8564
8564
8564
513
8564
8564
513
8564
8564
198
204
8564
3634
216
8564
4783
8564
8564
949
8564
824
257
8564
1345
1345
1345
756
8564
8564
8564
204
8564
8564
8564
8564
513
8564
8564
431
513
8564
8564
756
8564
8564
8564
204
8564
257
8564
1345
8564
8564
8564
8564
513
8564
8564
687
8564
204
8564
198
8564
204
8564
8564
8564
216
8564
216
513
8564
8564
1171
8564
513
8564
8564
8564
513
8564
8564
513
8564
8564
4108
513
8564
8564
513
8564
8564
513
8564
8564
8564
8564
4108
513
8564
8564
513
8564
8564
4108
513
8564
8564
513
8564
8564
4108
513
8564
8564
513
8564
8564
4108
513
8564
8564
1171
8564
513
8564
8564
8564
513
8564
8564
513
8564
8564
4108
513
8564
8564
4108
564
653
513
8564
8564
513
8564
8564
4108
513
8564
8564
513
8564
8564
4108
513
8564
8564
4108
513
8564
8564
564
653
513
8564
8564
513
8564
8564
198
204
8564
3634
216
8564
4783
8564
8564
949
8564
8564
8564
8564
234
204
8564
216
8564
547
198
204
630
431
630
198
810
8564
8564
8564
204
8564
8564
653
198
8564
204
8564
198
8564
8564
204
8564
198
8564
8564
204
252
8564
8564
8564
8564
8564
8564
8564
216
8564
257
8564
1345
1345
1345
1345
1345
1345
1345
1345
1345
3722
1345
1345
1345
1345
1345
8564
1345
8564
8564
201
8564
8564
8564
204
513
8564
513
8564
513
8564
513
8564
8564
8564
216
8564
8564
8564
8564
8564
8564
8564
8564
425
204
8564
8564
8564
8564
8564
8564
8564
8564
8564
8564
216
8564
8564
8564
8564
198
8564
204
8564
8564
8564
216
8564
8564
8564
8564
198
8564
204
8564
8564
8564
216
8564
8564
8564
8564
8564
198
8564
204
8564
8564
8564
8564
216
8564
4690
687
8564
8564
204
8564
8564
8564
216
8564
204
8564
8564
198
204
198
8564
204
8564
8564
8564
216
8564
8564
8564
216
8564
513
8564
8564
8564
8564
8564
201
8564
8564
8564
8564
8564
204
8564
8564
8564
513
630
204
8564
198
204
8564
8564
8564
8564
765
8564
194
765
8564
670
252
8564
216
198
204
513
8564
8564
8564
216
8564
257
513
8564
8564
513
8564
8564
513
8564
8564
513
8564
8564
513
8564
8564
8564
8564
8564
513
8564
513
8564
513
8564
513
8564
8564
8564
8564
216
8564
8564
8564
198
8564
204
8564
8564
8564
8564
8564
8564
194
513
670
765
765
252
8564
8564
216
8564
8564
8564
8564
204
8564
8564
8564
8564
8564
198
8564
8564
204
198
8564
204
8564
8564
8564
216
8564
8564
8564
8564
216
8564
8564
204
8564
8564
8564
8564
8564
198
8564
8564
204
198
8564
204
8564
8564
8564
216
8564
8564
8564
8564
216
8564
8564
8564
8564
8564
8564
8564
216
8564
8564
8564
8564
8564
204
8564
8564
8564
8564
8564
198
8564
8564
204
198
204
8564
8564
216
8564
8564
8564
8564
8564
8564
216
8564
8564
8564
8564
8564
8564
204
8564
687
204
689
687
8564
8564
204
198
204
8564
8564
216
8564
8564
8564
8564
8564
8564
8564
8564
8564
216
8564
257
8564
8564
513
8564
8564
8564
8564
8564
8564
8564
8564
8564
8564
8564
216
8564
3722
1345
8564
1345
1345
1345
1345
1345
1345
1345
1345
3722
1345
1345
1345
1345
1345
3722
1345
1345
1345
1345
3722
1345
1345
1345
1345
1345
1345
1345
1345
1345
1345
1345
1345
1345
1345
1345
1345
3722
1345
1345
1345
1345
1345
1345
1345
1345
1345
1345
3722
1345
1345
1345
1345
1345
1345
1345
1345
1345
1345
1345
1345
1345
1345
1345
1345
1345
1345
1345
1345
1345
1345
1345
1345
1345
1345
1345
1345
1345
1345
1345
1345
3722
8564
1345
1345
1345
1345
1345
1345
1345
1345
1345
1345
1345
1345
1345
1345
1345
1345
1345
1345
1345
1345
1345
3722
8564
8564
8564
8564
8564
8564
8564
8564
8564
8564
8564
8564
8564
8564
8564
1345
8564
1345
1345
3722
1345
8564
8564
8564
201
8564
204
8564
8564
8564
8564
204
8564
8564
216
8564
8564
513
564
4783
8564
8564
4635
8564
8564
8564
8564
8564
8564
204
8564
513
8564
8564
513
8564
8564
513
8564
8564
8564
513
8564
8564
8564
198
8564
8564
8564
8564
8564
8564
204
8564
8564
4783
232
8564
8564
8564
8564
496
8564
8564
8564
204
8564
513
8564
8564
564
8564
8564
8564
8564
8564
8564
8564
8564
216
8564
8564
8564
564
670
4783
8564
8564
513
8564
8564
8564
8564
8564
8564
8564
8564
8564
198
8564
8564
8564
8564
8564
8564
204
8564
8564
8564
8564
198
204
8564
8564
8564
8564
216
8564
8564
198
204
8564
8564
8564
8564
8564
8564
204
8564
564
670
8564
8564
670
8564
8564
536
394
8564
8564
204
8564
8564
8564
8564
8564
8564
8564
8564
8564
8564
216
8564
8564
8564
8564
8564
8564
198
204
8564
513
8564
8564
513
8564
8564
513
8564
8564
513
8564
8564
8564
8564
3582
8564
8564
8564
8564
8564
204
8564
8564
8564
8564
8564
8564
8564
8564
8564
216
8564
198
8564
8564
204
8564
513
8564
8564
513
8564
8564
513
8564
8564
513
8564
8564
8564
8564
8564
8564
8564
8564
204
8564
8564
8564
8564
8564
8564
8564
8564
216
8564
8564
8564
8564
8564
8564
8564
8564
8564
8564
8564
204
8564
8564
8564
8564
8564
8564
8564
8564
8564
8564
216
8564
8564
8564
198
8564
198
424
204
513
8564
8564
8564
216
8564
8564
8564
204
8564
8564
8564
8564
216
513
8564
8564
513
8564
8564
513
8564
8564
8564
513
8564
8564
8564
198
8564
204
8564
8564
8564
8564
8564
8564
8564
8564
8564
8564
8564
8564
8564
216
8564
547
198
580
8564
547
198
580
8564
8564
8564
216
8564
8564
8564
8564
8564
824
8564
547
198
8564
630
653
198
1011
8564
8564
547
198
8564
198
496
198
630
1168
630
198
431
630
201
8564
8564
8564
8564
8564
216
8564
8564
8564
8564
513
8564
513
8564
513
8564
513
8564
8564
513
8564
513
8564
513
8564
513
8564
564
8564
8564
8564
8564
216
8564
8564
8564
8564
8564
216
8564
8564
8564
8564
8564
8564
8564
8564
8564
8564
8564
8564
8564
198
204
8564
198
8564
612
8564
8564
8564
8564
8564
8564
8564
8564
8564
204
8564
1011
547
647
653
8564
8564
8564
216
8564
8564
8564
8564
8564
8564
8564
564
670
8564
8564
8564
8564
198
8564
8564
204
547
8564
234
612
653
8564
216
8564
536
8564
8564
394
8564
204
8564
564
8564
1011
412
8564
8564
8564
8564
8564
204
8564
675
234
8564
8564
8564
204
8564
8564
204
8564
8564
513
634
8564
8564
424
599
8564
8564
204
8564
198
8564
8564
8564
8564
204
8564
513
8564
8564
412
8564
204
513
8564
8564
412
8564
204
513
8564
8564
412
8564
204
513
8564
8564
412
8564
204
8564
8564
8564
198
204
8564
8564
216
8564
216
8564
8564
513
8564
8564
8564
8564
8564
8564
4783
824
8564
8564
8564
216
8564
8564
198
8564
8564
8564
8564
204
8564
8564
8564
8564
216
8564
8564
8564
198
204
8564
198
204
204
8564
8564
513
198
8564
424
204
824
198
8564
8564
204
8564
8564
8564
8564
8564
8564
8564
8564
8564
8564
8564
216
8564
8564
8564
8564
8564
8564
8564
8564
8564
216
8564
8564
8564
8564
8564
8564
216
8564
1011
8564
8564
8564
8564
8564
8564
216
8564
8564
8564
8564
8564
824
8564
198
424
8564
204
8564
8564
8564
8564
8564
8564
216
8564
412
204
8564
8564
8564
8564
8564
8564
8564
8564
8564
8564
8564
8564
8564
8564
8564
8564
216
8564
8564
198
8564
8564
8564
204
8564
198
204
204
8564
8564
513
630
204
8564
8564
216
8564
8564
8564
8564
824
8564
412
8564
8564
204
8564
8564
8564
8564
8564
8564
8564
8564
8564
8564
8564
8564
8564
8564
8564
216
8564
8564
653
198
8564
8564
8564
8564
204
8564
198
8564
8564
8564
204
8564
8564
8564
8564
8564
8564
8564
8564
8564
216
8564
8564
198
8564
204
8564
8564
8564
8564
8564
8564
8564
8564
8564
8564
8564
8564
8564
8564
8564
8564
8564
8564
216
8564
8564
8564
8564
8564
8564
8564
8564
8564
216
8564
198
8564
8564
204
8564
8564
234
8564
8564
204
8564
8564
8564
513
630
204
8564
8564
8564
8564
8564
8564
8564
8564
8564
8564
8564
216
8564
8564
8564
8564
198
204
8564
8564
8564
8564
8564
8564
8564
8564
8564
8564
8564
8564
8564
8564
8564
8564
216
8564
8564
8564
8564
8564
8564
8564
8564
8564
8564
8564
216
8564
8564
8564
8564
216
8564
8564
8564
824
8564
8564
216
8564
8564
8564
8564
234
8564
8564
8564
8564
204
8564
8564
8564
8564
8564
8564
8564
198
8564
8564
8564
8564
204
8564
8564
8564
204
8564
198
8564
424
204
8564
8564
8564
8564
8564
8564
8564
8564
216
8564
204
8564
8564
216
8564
8564
216
810
8564
198
8564
8564
8564
204
8564
8564
8564
8564
8564
8564
8564
8564
8564
8564
8564
8564
216
8564
204
8564
8564
204
204
204
8564
8564
204
8564
8564
204
8564
8564
4857
824
8564
8564
8564
8564
8564
216
8564
8564
8564
8564
8564
8564
8564
8564
8564
8564
216
8564
8564
234
8564
8564
8564
8564
8564
8564
204
8564
8564
8564
204
8564
513
198
8564
424
8564
204
8564
8564
8564
198
8564
8564
8564
8564
8564
8564
8564
204
8564
8564
8564
424
8564
204
8564
234
8564
204
8564
8564
8564
8564
8564
756
8564
8564
8564
8564
8564
8564
204
8564
8564
8564
8564
8564
8564
8564
564
8564
8564
8564
8564
8564
8564
8564
8564
8564
8564
216
8564
8564
8564
8564
8564
8564
8564
8564
8564
8564
8564
8564
8564
216
8564
8564
8564
8564
194
8564
8564
8564
8564
756
8564
8564
8564
204
8564
198
8564
8564
204
8564
8564
8564
8564
8564
8564
8564
8564
216
8564
8564
8564
8564
194
8564
8564
8564
8564
756
8564
8564
8564
204
8564
8564
198
8564
8564
204
8564
8564
198
8564
8564
810
8564
198
8564
8564
8564
810
8564
8564
8564
8564
8564
756
8564
8564
204
8564
8564
198
8564
204
8564
8564
8564
8564
8564
8564
216
8564
8564
8564
8564
8564
756
8564
8564
204
8564
8564
8564
8564
8564
216
8564
8564
198
8564
8564
8564
8564
8564
204
8564
8564
8564
8564
8564
8564
8564
8564
216
8564
8564
8564
513
198
8564
424
234
204
204
8564
8564
216
824
198
8564
8564
8564
8564
8564
8564
8564
8564
204
647
547
653
8564
8564
8564
8564
8564
8564
204
8564
8564
8564
8564
216
8564
8564
8564
8564
8564
8564
8564
8564
756
8564
204
8564
198
8564
8564
204
8564
8564
8564
8564
8564
8564
8564
4783
8564
8564
8564
858
8564
8564
8564
8564
564
8564
8564
8564
8564
8564
8564
8564
8564
8564
8564
216
8564
8564
8564
8564
8564
756
8564
204
8564
198
8564
8564
8564
204
8564
198
8564
8564
810
8564
198
8564
8564
8564
810
8564
8564
8564
8564
858
8564
8564
756
8564
8564
8564
204
8564
8564
198
8564
8564
204
8564
564
8564
8564
8564
8564
8564
8564
8564
8564
216
8564
8564
8564
8564
8564
8564
8564
8564
8564
216
8564
8564
8564
8564
8564
8564
8564
8564
8564
8564
216
8564
8564
8564
8564
8564
8564
8564
8564
216
8564
8564
8564
8564
8564
8564
216
8564
8564
8564
824
8564
8564
8564
216
8564
8564
8564
8564
8564
8564
198
8564
204
8564
8564
8564
8564
8564
8564
8564
8564
8564
216
8564
198
8564
8564
8564
8564
204
8564
8564
8564
8564
8564
8564
8564
8564
8564
8564
8564
8564
216
8564
8564
8564
8564
8564
8564
8564
8564
216
8564
198
204
8564
8564
8564
8564
8564
8564
8564
216
824
8564
198
8564
8564
204
8564
8564
513
198
8564
424
8564
204
8564
198
8564
8564
204
8564
8564
198
8564
8564
204
8564
194
949
8564
670
251
8564
612
513
634
8564
612
513
670
670
670
8564
8564
8564
8564
8564
8564
8564
8564
8564
8564
8564
8564
8564
8564
8564
8564
8564
8564
216
8564
513
8564
8564
8564
513
8564
8564
8564
513
8564
8564
8564
513
8564
8564
8564
513
8564
8564
8564
8564
198
8564
204
8564
8564
8564
8564
8564
8564
756
8564
8564
204
8564
198
8564
204
8564
8564
8564
8564
216
8564
8564
8564
8564
8564
8564
8564
8564
756
8564
204
8564
8564
8564
513
8564
8564
8564
8564
8564
756
8564
8564
204
8564
8564
8564
8564
216
8564
8564
8564
198
8564
8564
204
8564
257
8564
1345
1345
1345
1345
1345
8564
513
8564
8564
513
8564
8564
513
8564
8564
513
8564
8564
8564
198
8564
8564
8564
204
8564
8564
513
8564
8564
412
8564
8564
204
513
8564
8564
412
8564
8564
204
513
8564
8564
412
8564
8564
204
513
8564
8564
412
612
670
8564
216
8564
8564
8564
198
8564
8564
8564
204
8564
257
8564
8564
8564
8564
8564
1345
1345
1345
8564
8564
8564
8564
513
630
204
879
858
8564
216
513
630
204
879
858
8564
216
409
858
8564
216
8564
198
8564
204
8564
8564
216
8564
257
8564
1345
1345
1345
1345
1345
1345
1345
1345
8564
8564
8564
8564
1345
1345
1345
8564
1345
1345
1345
8564
756
204
513
8564
513
8564
513
8564
513
8564
8564
8564
8564
8564
8564
216
8564
513
8564
513
8564
513
8564
8564
513
8564
513
8564
513
8564
513
8564
513
8564
513
8564
216
8564
8564
8564
8564
8564
8564
8564
756
8564
204
8564
8564
8564
8564
8564
8564
8564
8564
8564
8564
8564
8564
8564
8564
216
198
8564
8564
8564
8564
8564
8564
8564
8564
204
8564
8564
8564
8564
8564
8564
8564
8564
8564
8564
653
198
204
8564
8564
8564
8564
8564
8564
8564
513
8564
513
8564
8564
8564
513
8564
8564
513
8564
8564
8564
216
8564
765
885
885
773
756
198
756
8564
424
810
425
8564
8564
8564
8564
204
8564
8564
670
8564
8564
647
536
670
412
8564
8564
8564
8564
204
8564
8564
765
756
8564
8564
8564
8564
8564
8564
8564
8564
8564
204
257
8564
1345
8564
8564
8564
234
204
8564
8564
8564
257
8564
1345
1345
1345
1345
858
198
8564
879
8564
757
675
8564
647
234
694
547
198
8564
8564
8564
8564
216
8564
8564
8564
513
773
8564
8564
8564
670
8564
8564
8564
204
876
878
653
8564
216
8564
876
810
757
198
8564
8564
8564
8564
204
653
198
8564
612
257
8564
8564
198
204
824
257
481
8564
1345
8564
198
8564
204
824
8564
216
8564
257
8564
1345
1345
293
8564
8564
8564
8564
513
8564
8564
513
8564
8564
513
8564
8564
8564
8564
8564
8564
513
8564
8564
513
8564
8564
8564
8564
513
8564
8564
513
8564
8564
8564
8564
513
8564
8564
513
8564
8564
8564
8564
513
8564
8564
513
8564
8564
8564
513
8564
8564
8564
949
513
8564
8564
8564
513
8564
513
8564
8564
513
8564
8564
8564
198
8564
204
8564
8564
513
8564
8564
8564
949
513
8564
198
8564
8564
204
8564
8564
513
8564
8564
8564
949
513
8564
198
8564
8564
204
8564
8564
513
8564
8564
8564
949
513
8564
198
8564
8564
204
8564
8564
513
8564
8564
8564
949
513
8564
198
8564
8564
204
8564
8564
8564
513
8564
8564
513
8564
198
8564
8564
204
513
513
8564
8564
8564
8564
8564
949
8564
8564
8564
824
8564
216
8564
257
8564
1345
1345
1345
1345
1345
1345
1345
1345
1345
1345
1345
1345
8564
8564
4108
8564
8564
8564
8564
513
8564
8564
8564
8564
8564
8564
8564
513
8564
8564
513
8564
8564
8564
8564
8564
8564
8564
513
8564
8564
8564
8564
8564
8564
8564
513
8564
8564
8564
8564
8564
8564
8564
513
8564
8564
8564
8564
8564
8564
8564
513
8564
8564
8564
8564
8564
8564
8564
8564
8564
8564
8564
513
8564
8564
8564
949
8564
8564
8564
8564
8564
513
8564
8564
8564
8564
198
8564
204
8564
8564
8564
513
8564
8564
513
8564
8564
8564
8564
198
8564
8564
204
8564
8564
8564
8564
8564
8564
216
8564
257
8564
1345
8564
8564
513
8564
8564
513
8564
8564
513
8564
8564
547
8564
194
198
204
630
198
431
630
8564
8564
204
513
8564
513
8564
8564
8564
194
8564
513
8564
8564
513
8564
8564
216
513
8564
8564
513
8564
8564
8564
194
8564
513
8564
8564
513
8564
8564
216
8564
257
8564
1345
1345
1345
8564
8564
513
8564
8564
513
8564
8564
8564
8564
8564
234
513
8564
204
8564
513
8564
8564
4774
564
4774
653
653
198
204
8564
8564
216
8564
198
8564
204
513
8564
8564
630
204
8564
824
216
513
8564
8564
630
204
8564
824
216
8564
513
8564
8564
630
204
858
8564
513
8564
8564
513
8564
8564
513
8564
8564
513
8564
8564
8564
824
216
513
8564
8564
630
204
858
8564
513
8564
8564
513
8564
8564
513
8564
8564
513
8564
8564
8564
824
216
513
8564
8564
630
204
858
8564
513
8564
8564
513
8564
8564
513
8564
8564
513
8564
8564
8564
824
216
513
8564
8564
564
8564
513
8564
8564
630
204
513
8564
8564
513
8564
8564
513
8564
8564
8564
216
513
8564
8564
198
8564
204
513
8564
8564
513
8564
8564
513
8564
8564
513
8564
8564
8564
858
8564
949
564
8564
564
8564
8564
8564
513
8564
8564
513
8564
8564
513
8564
8564
513
8564
8564
513
8564
8564
8564
824
8564
216
564
513
8564
8564
4774
653
513
8564
8564
513
8564
8564
513
8564
8564
8564
216
4774
8564
8564
513
8564
8564
858
8564
564
8564
8564
824
8564
216
8564
257
8564
1345
1345
1345
1345
1345
1345
3722
8564
8564
1345
1345
8564
8564
513
8564
8564
4772
8564
216
8564
8564
8564
216
513
8564
8564
513
8564
8564
8564
194
513
8564
8564
513
8564
8564
8564
194
8564
8564
216
8564
8564
8564
8564
8564
216
8564
8564
8564
8564
8564
8564
216
513
8564
8564
4783
198
204
8564
8564
8564
216
8564
8564
216
513
8564
8564
513
8564
8564
8564
194
8564
8564
216
8564
8564
8564
8564
216
231
232
8564
257
8564
3722
1345
8564
8564
1345
1345
1345
8564
1345
1345
8564
1345
1345
1345
1345
1345
1345
1345
1345
1345
1345
1345
1345
1345
1345
1345
1345
1345
1345
1345
1345
3722
3722
1345
1345
1345
1345
1345
3722
3722
1345
1345
1345
1345
1345
1345
3722
3722
1345
1345
3722
3722
1345
1345
1345
1345
1345
1345
1345
1345
1345
1345
3722
1345
1345
1345
1345
3722
3722
1345
1345
1345
1345
1345
1345
1345
1345
3722
3722
1345
1345
1345
1345
1345
3722
3722
1345
8564
1345
1345
8564
1345
8564
8564
8564
8564
8564
8564
8564
8564
8564
1345
8564
1345
1345
8564
8564
8564
8564
8564
204
8564
8564
216
8564
8564
198
204
8564
8564
8564
8564
8564
8564
216
8564
547
198
580
8564
547
198
580
8564
8564
216
8564
8564
8564
824
8564
198
8564
204
824
4783
8564
216
8564
8564
8564
8564
8564
8564
8564
8564
724
234
630
513
858
253
513
8564
513
8564
513
8564
513
8564
513
8564
513
8564
513
8564
513
8564
8564
8564
8564
216
8564
8564
8564
8564
8564
8564
8564
8564
8564
8564
8564
8564
8564
8564
216
8564
8564
8564
8564
8564
8564
8564
547
198
630
1168
198
630
198
431
630
8564
8564
1011
8564
8564
8564
8564
8564
198
8564
8564
8564
8564
8564
8564
8564
204
8564
8564
8564
8564
8564
8564
8564
8564
216
8564
8564
8564
8564
234
8564
204
8564
8564
8564
8564
8564
8564
8564
8564
8564
8564
8564
8564
8564
8564
8564
8564
8564
216
8564
8564
8564
8564
204
8564
8564
8564
8564
8564
8564
8564
8564
8564
216
8564
8564
8564
8564
8564
8564
8564
513
631
424
204
8564
4972
670
513
8564
8564
234
204
8564
8564
513
8564
8564
8564
8564
8564
513
8564
8564
216
8564
8564
8564
513
8564
8564
8564
8564
8564
8564
8564
8564
198
8564
612
8564
8564
8564
8564
8564
4972
513
204
8564
204
8564
8564
8564
8564
204
204
8564
204
8564
204
8564
4857
8564
8564
513
630
8564
8564
204
8564
198
8564
8564
8564
8564
204
8564
8564
8564
8564
216
8564
8564
513
634
8564
8564
424
8564
204
824
513
412
8564
204
8564
198
8564
8564
204
8564
8564
198
8564
8564
216
8564
513
8564
8564
412
8564
204
513
8564
8564
412
8564
204
513
8564
8564
412
8564
204
513
8564
8564
412
8564
204
513
513
8564
8564
513
8564
8564
8564
8564
8564
8564
8564
8564
8564
204
8564
216
8564
216
8564
8564
4783
198
8564
8564
204
8564
8564
8564
198
8564
8564
8564
204
8564
8564
8564
8564
8564
8564
8564
8564
8564
8564
8564
8564
216
8564
8564
8564
8564
8564
8564
756
8564
204
8564
8564
8564
8564
8564
8564
8564
8564
8564
216
8564
8564
8564
8564
8564
204
824
8564
8564
216
8564
8564
8564
8564
8564
8564
8564
198
8564
8564
8564
8564
204
8564
8564
8564
8564
8564
1011
8564
8564
8564
8564
8564
198
8564
8564
8564
8564
8564
204
8564
8564
8564
8564
8564
8564
8564
8564
8564
8564
8564
8564
8564
8564
513
630
204
8564
8564
216
824
8564
198
204
8564
8564
8564
216
8564
8564
756
8564
8564
8564
8564
8564
8564
8564
204
8564
8564
8564
8564
8564
8564
8564
8564
216
8564
8564
8564
8564
8564
204
8564
8564
8564
8564
204
8564
8564
8564
8564
8564
8564
8564
8564
8564
8564
8564
8564
8564
8564
216
8564
198
8564
8564
8564
8564
204
8564
8564
8564
8564
8564
8564
8564
8564
8564
198
8564
8564
8564
8564
8564
8564
8564
8564
8564
8564
8564
8564
204
8564
8564
8564
8564
8564
8564
8564
8564
8564
8564
8564
8564
8564
216
8564
8564
8564
8564
8564
8564
216
8564
4783
8564
8564
8564
756
8564
204
8564
8564
8564
8564
8564
8564
8564
8564
8564
8564
8564
216
670
8564
8564
8564
198
612
8564
8564
8564
8564
8564
8564
8564
8564
8564
8564
513
198
8564
424
204
630
204
8564
8564
8564
8564
8564
8564
8564
8564
8564
8564
8564
216
670
8564
8564
8564
8564
8564
8564
8564
198
8564
204
8564
8564
8564
1011
8564
8564
8564
8564
8564
198
8564
8564
8564
8564
8564
8564
8564
204
8564
8564
8564
8564
8564
198
8564
8564
204
8564
8564
8564
8564
8564
824
216
8564
8564
8564
8564
8564
8564
8564
8564
216
8564
8564
8564
8564
8564
8564
8564
8564
8564
8564
8564
8564
8564
8564
8564
8564
8564
8564
216
8564
8564
8564
8564
8564
8564
8564
198
8564
204
8564
8564
8564
8564
8564
8564
8564
8564
216
8564
8564
198
8564
8564
8564
8564
8564
8564
204
8564
8564
8564
8564
8564
8564
8564
8564
8564
8564
8564
8564
8564
8564
216
8564
8564
8564
8564
8564
8564
8564
8564
8564
8564
8564
8564
8564
8564
216
8564
8564
8564
8564
8564
198
8564
8564
8564
204
8564
293
472
670
8564
8564
216
8564
8564
513
824
8564
8564
513
198
8564
513
8564
204
8564
8564
8564
513
8564
8564
513
8564
8564
513
8564
8564
513
8564
8564
8564
756
8564
204
8564
8564
8564
8564
8564
8564
8564
216
8564
8564
8564
8564
204
8564
824
8564
216
8564
8564
8564
8564
8564
8564
198
8564
8564
8564
8564
8564
204
8564
8564
513
8564
8564
513
8564
8564
513
8564
8564
513
8564
8564
8564
8564
8564
8564
8564
8564
8564
8564
513
630
204
8564
216
824
8564
198
204
8564
8564
216
8564
8564
756
8564
8564
8564
8564
8564
204
8564
8564
8564
8564
8564
8564
8564
216
8564
513
8564
8564
513
8564
8564
513
8564
8564
8564
8564
8564
8564
8564
216
8564
8564
8564
8564
513
8564
8564
8564
8564
216
8564
8564
8564
8564
8564
8564
8564
198
8564
8564
8564
8564
204
8564
513
8564
8564
8564
8564
216
8564
8564
8564
8564
513
630
204
8564
8564
513
8564
8564
513
8564
8564
513
8564
8564
8564
8564
8564
216
8564
513
8564
8564
513
8564
8564
513
8564
8564
8564
8564
8564
216
8564
8564
8564
194
8564
8564
765
513
8564
8564
513
8564
8564
513
8564
8564
8564
8564
8564
8564
8564
198
8564
204
8564
8564
8564
8564
8564
8564
8564
8564
216
8564
8564
198
8564
8564
204
8564
194
949
8564
670
251
8564
612
513
634
8564
612
513
670
670
670
8564
8564
8564
8564
8564
513
8564
8564
513
8564
8564
513
8564
8564
513
8564
8564
8564
8564
8564
8564
8564
8564
8564
8564
8564
216
8564
257
8564
1345
1345
1345
3722
1345
1345
8564
8564
4846
756
8564
8564
204
8564
198
8564
204
4783
4846
8564
216
8564
198
8564
8564
204
8564
198
8564
204
8564
8564
8564
8564
216
8564
8564
198
8564
204
8564
8564
8564
8564
8564
8564
216
8564
8564
8564
8564
8564
216
8564
257
8564
8564
198
204
8564
257
8564
481
8564
3722
1345
1345
1345
1345
1345
1345
1345
1345
1345
1345
1345
1345
1345
1345
1345
1345
1345
1345
1345
1345
1345
1345
1345
1345
1345
1345
1345
1345
1345
1345
1345
1345
1345
1345
1345
8564
8564
1345
8564
8564
8564
8564
8564
8564
1345
8564
8564
8564
1345
1345
1345
8564
8564
8564
8564
4972
8564
201
204
8564
234
204
8564
4972
670
513
513
8564
8564
5012
8564
8564
5012
8564
8564
8564
216
513
8564
8564
8564
5012
8564
8564
216
8564
8564
8564
8564
8564
670
8564
8564
8564
824
8564
8564
513
8564
513
8564
8564
8564
8564
8564
513
8564
547
198
8564
547
198
496
198
8564
630
8564
8564
547
198
198
612
653
424
8564
612
8564
198
424
198
8564
513
513
8564
513
8564
513
8564
513
8564
513
8564
513
8564
513
8564
513
8564
8564
8564
216
8564
8564
8564
8564
216
8564
8564
8564
1011
8564
8564
8564
8564
8564
8564
198
8564
204
8564
8564
547
234
8564
204
647
653
8564
8564
8564
8564
8564
8564
8564
8564
8564
8564
8564
8564
216
234
8564
204
8564
647
653
234
204
8564
1011
8564
8564
8564
8564
8564
8564
198
8564
204
234
8564
8564
204
8564
234
8564
204
647
653
8564
216
8564
8564
8564
8564
8564
8564
204
8564
8564
8564
8564
216
8564
8564
8564
234
8564
513
8564
204
8564
8564
670
8564
8564
8564
8564
8564
8564
8564
8564
8564
8564
198
8564
8564
8564
424
8564
612
8564
8564
204
8564
198
8564
424
204
810
8564
8564
8564
8564
8564
8564
8564
8564
8564
216
204
8564
8564
216
8564
8564
216
810
8564
198
8564
8564
204
810
8564
8564
8564
8564
8564
8564
8564
8564
8564
8564
8564
8564
216
8564
8564
8564
8564
8564
8564
8564
8564
216
8564
8564
8564
8564
216
8564
8564
204
8564
198
8564
204
8564
8564
204
8564
8564
8564
8564
756
8564
8564
8564
204
8564
194
8564
8564
8564
252
8564
8564
8564
8564
8564
8564
8564
8564
756
8564
8564
8564
8564
8564
8564
8564
204
8564
8564
8564
8564
8564
8564
8564
8564
756
8564
204
8564
8564
8564
8564
216
8564
8564
8564
8564
756
8564
8564
204
8564
198
8564
204
8564
8564
8564
8564
8564
216
8564
8564
8564
8564
756
8564
204
8564
8564
8564
8564
8564
8564
8564
8564
8564
8564
8564
8564
8564
8564
8564
8564
8564
198
204
8564
8564
8564
8564
8564
216
8564
8564
756
8564
204
8564
8564
216
8564
8564
756
8564
204
8564
216
8564
8564
8564
8564
8564
216
204
8564
8564
8564
8564
8564
8564
8564
8564
8564
8564
8564
8564
216
547
653
204
204
8564
198
8564
204
8564
8564
204
8564
8564
8564
8564
756
8564
8564
8564
8564
204
8564
194
8564
8564
8564
252
8564
8564
8564
8564
8564
8564
8564
8564
756
8564
8564
8564
8564
8564
8564
204
8564
8564
8564
756
8564
204
8564
198
8564
204
8564
8564
8564
216
8564
8564
756
204
8564
8564
8564
8564
8564
8564
8564
8564
8564
8564
216
8564
8564
8564
8564
8564
756
8564
204
8564
8564
8564
216
670
8564
8564
8564
8564
8564
8564
756
8564
8564
8564
204
8564
198
8564
8564
204
8564
8564
8564
8564
8564
8564
216
8564
8564
8564
8564
8564
216
8564
8564
8564
8564
756
8564
8564
8564
204
8564
8564
198
8564
8564
204
8564
8564
198
8564
8564
810
8564
198
8564
8564
8564
810
8564
8564
8564
8564
8564
756
8564
8564
204
8564
8564
198
8564
204
8564
8564
8564
8564
8564
8564
216
8564
8564
8564
8564
8564
8564
216
8564
8564
8564
8564
8564
8564
8564
8564
8564
8564
8564
8564
8564
8564
216
8564
8564
8564
198
204
8564
8564
8564
8564
8564
8564
8564
216
8564
198
8564
8564
204
8564
8564
8564
8564
8564
8564
8564
8564
8564
216
8564
198
204
8564
8564
8564
8564
8564
8564
8564
216
824
8564
198
8564
8564
204
8564
194
949
8564
670
251
8564
612
513
634
8564
612
513
670
670
670
8564
8564
8564
8564
8564
8564
8564
8564
8564
8564
8564
8564
8564
8564
8564
8564
8564
8564
216
8564
257
8564
8564
513
8564
8564
8564
513
8564
8564
8564
4972
513
4783
513
8564
8564
8564
8564
8564
5012
257
8564
513
8564
8564
8564
3634
8564
3634
8564
8564
8564
8564
4783
513
8564
8564
257
8564
1345
8564
8564
394
8564
204
8564
513
8564
8564
8564
8564
8564
216
8564
257
8564
1345
8564
1345
8564
1345
1345
1345
1345
1345
8564
8564
8564
8564
564
8564
412
198
424
204
513
8564
8564
8564
8564
216
8564
513
8564
513
8564
513
8564
513
8564
513
8564
8564
8564
8564
216
8564
8564
8564
513
496
8564
204
564
513
8564
8564
8564
8564
8564
8564
8564
216
8564
8564
675
670
8564
8564
513
8564
8564
412
198
424
8564
8564
8564
8564
8564
8564
204
8564
8564
8564
8564
670
8564
8564
198
8564
8564
204
8564
8564
216
8564
257
8564
8564
257
8564
8564
257
8564
527
8564
8564
8564
8564
8564
8564
824
527
232
8564
1345
1345
1345
1345
1345
1345
1345
1345
3722
1345
425
204
756
8564
204
8564
513
8564
8564
4799
513
8564
8564
4956
8564
8564
216
8564
8564
216
8564
8564
216
8564
216
8564
8564
216
8564
4972
252
8564
756
204
564
252
8564
8564
216
8564
201
204
8564
8564
8564
216
8564
8564
513
8564
8564
8564
8564
8564
513
8564
8564
4635
8564
8564
8564
824
232
513
8564
8564
513
8564
8564
513
8564
8564
513
8564
8564
8564
198
8564
204
8564
8564
216
8564
4972
252
8564
198
756
8564
8564
8564
8564
204
8564
8564
8564
216
8564
8564
216
8564
8564
8564
216
8564
8564
216
8564
8564
8564
216
8564
8564
216
8564
201
8564
204
8564
8564
8564
198
8564
204
8564
8564
216
8564
8564
198
8564
204
8564
8564
216
8564
8564
8564
198
8564
204
8564
8564
216
8564
8564
8564
198
8564
204
8564
8564
216
8564
8564
8564
8564
8564
198
8564
204
8564
8564
216
8564
8564
8564
8564
8564
198
8564
204
8564
8564
216
8564
8564
8564
8564
8564
198
8564
204
8564
8564
216
8564
8564
8564
8564
8564
216
8564
198
8564
204
8564
8564
216
8564
8564
216
8564
8564
216
8564
8564
216
8564
8564
216
4783
8564
216
8564
8564
216
8564
8564
216
8564
8564
216
8564
8564
653
198
204
8564
8564
8564
216
8564
8564
216
8564
198
8564
204
8564
8564
216
8564
8564
216
8564
8564
216
8564
198
204
8564
216
8564
8564
216
8564
8564
216
8564
216
8564
8564
216
8564
8564
216
8564
8564
216
8564
8564
216
8564
8564
216
8564
198
204
8564
8564
216
8564
198
204
8564
8564
8564
216
8564
198
204
8564
3634
8564
216
8564
198
8564
204
8564
3634
8564
8564
216
8564
8564
216
8564
8564
216
8564
8564
216
8564
8564
216
8564
8564
216
8564
8564
216
8564
8564
8564
198
8564
204
8564
8564
216
4972
630
8564
204
8564
8564
8564
198
472
8564
216
8564
8564
513
8564
513
8564
513
8564
204
8564
670
8564
513
8564
8564
8564
8564
216
8564
8564
8564
8564
8564
8564
8564
4846
198
8564
204
513
8564
8564
8564
1011
883
653
773
198
810
675
8564
8564
216
513
8564
8564
198
8564
8564
204
8564
8564
8564
8564
8564
216
8564
513
8564
8564
8564
8564
513
8564
8564
513
8564
8564
513
8564
8564
513
8564
8564
8564
216
824
232
8564
8564
216
8564
8564
216
8564
8564
216
8564
257
8564
1345
1345
3722
3722
3722
3722
3722
3722
3722
3722
3722
3722
3722
3722
3722
3722
3722
3722
3722
1345
1345
3722
3722
3722
3722
3722
3722
3722
3722
3722
1345
3722
3722
1345
8564
8564
293
8564
8564
8564
198
204
8564
527
232
8564
198
8564
204
8564
198
204
8564
216
8564
8564
8564
8564
8564
8564
8564
8564
216
198
8564
204
8564
198
8564
204
8564
8564
8564
8564
8564
216
8564
8564
8564
8564
8564
216
8564
8564
8564
513
8564
8564
513
8564
8564
513
8564
8564
8564
8564
8564
8564
824
232
8564
198
204
8564
8564
8564
8564
8564
8564
216
8564
198
204
8564
8564
8564
8564
8564
8564
216
8564
198
204
8564
8564
8564
8564
8564
216
8564
198
204
8564
8564
8564
8564
8564
8564
216
8564
198
204
8564
8564
8564
8564
8564
216
8564
198
204
8564
8564
8564
8564
8564
216
8564
234
204
8564
198
204
8564
8564
8564
8564
8564
216
8564
198
204
8564
8564
8564
8564
8564
216
8564
198
204
8564
8564
8564
8564
8564
216
8564
8564
653
198
204
8564
8564
8564
8564
8564
8564
216
8564
198
204
8564
8564
8564
8564
8564
216
8564
198
8564
198
424
204
8564
216
8564
8564
8564
204
8564
216
8564
765
564
670
8564
8564
8564
204
8564
8564
216
8564
198
8564
204
412
8564
204
8564
198
8564
204
8564
8564
8564
8564
8564
216
8564
8564
8564
8564
8564
216
8564
198
204
8564
8564
8564
8564
8564
216
8564
198
204
8564
8564
8564
8564
8564
216
8564
198
204
8564
8564
8564
8564
8564
8564
216
8564
198
204
8564
8564
8564
8564
8564
216
8564
198
204
8564
8564
8564
8564
8564
8564
216
8564
198
204
8564
8564
8564
8564
8564
216
8564
8564
8564
8564
8564
216
8564
198
204
8564
8564
8564
8564
8564
216
8564
8564
8564
8564
8564
216
8564
198
204
8564
8564
8564
8564
8564
216
8564
198
204
8564
8564
8564
8564
8564
216
8564
234
204
8564
8564
8564
8564
8564
216
8564
198
204
8564
198
8564
204
8564
198
8564
204
8564
8564
8564
216
8564
198
204
8564
8564
8564
8564
8564
216
8564
198
204
8564
8564
8564
8564
8564
8564
216
8564
198
8564
198
424
204
8564
8564
8564
216
8564
201
8564
8564
8564
204
8564
8564
216
8564
204
8564
216
4635
8564
4783
198
8564
204
8564
8564
216
513
496
204
8564
8564
216
394
204
8564
8564
216
8564
201
204
8564
216
8564
8564
513
8564
8564
8564
8564
8564
513
8564
8564
4635
8564
8564
8564
824
232
8564
198
204
8564
8564
8564
8564
8564
216
8564
8564
8564
8564
8564
216
8564
198
204
8564
8564
8564
8564
8564
216
8564
8564
8564
8564
8564
216
8564
198
204
8564
8564
8564
8564
8564
216
8564
8564
8564
8564
8564
216
8564
198
204
8564
8564
8564
8564
8564
216
8564
8564
8564
216
8564
198
204
8564
8564
8564
8564
8564
216
8564
8564
8564
8564
8564
216
8564
198
204
8564
8564
8564
8564
8564
216
8564
8564
8564
8564
8564
216
8564
198
204
8564
8564
8564
8564
8564
8564
216
8564
234
204
8564
8564
8564
8564
8564
216
8564
8564
8564
8564
8564
216
8564
198
204
8564
8564
8564
8564
8564
216
8564
8564
8564
8564
8564
216
8564
198
204
8564
8564
8564
8564
8564
216
8564
8564
8564
8564
8564
216
564
670
8564
8564
8564
8564
216
8564
198
204
8564
8564
8564
409
8564
8564
8564
8564
8564
8564
8564
8564
216
8564
8564
8564
4783
8564
8564
756
8564
204
8564
8564
8564
4783
8564
8564
8564
8564
8564
8564
8564
216
8564
8564
653
198
8564
8564
204
824
198
8564
204
8564
8564
216
8564
257
8564
1345
1345
8564
198
8564
8564
194
204
756
564
757
8564
8564
216
198
599
8564
8564
216
8564
8564
4783
8564
8564
8564
8564
8564
8564
8564
4783
8564
8564
8564
8564
8564
8564
257
8564
1345
1345
1345
8564
8564
513
8564
216
8564
8564
513
949
675
8564
4686
670
8564
8564
425
198
8564
8564
8564
8564
204
756
547
253
8564
599
765
8564
8564
257
8564
1345
8564
8564
8564
8564
8564
8564
1345
1345
1345
1345
8564
8564
216
8564
8564
670
8564
8564
647
536
670
198
8564
8564
204
513
513
8564
8564
216
8564
8564
670
8564
8564
647
670
536
198
8564
8564
204
257
8564
1345
3722
1345
1345
1345
1345
1345
1345
1345
1345
293
8564
513
8564
8564
8564
4972
630
8564
8564
204
630
513
599
8564
216
8564
670
8564
8564
234
8564
204
513
198
8564
8564
8564
204
8564
293
8564
513
670
879
8564
670
8564
8564
8564
216
8564
8564
8564
824
824
824
824
824
513
8564
8564
547
630
204
198
204
198
8564
204
513
8564
8564
8564
293
8564
216
513
8564
8564
198
204
8564
293
8564
216
824
216
8564
8564
8564
204
513
8564
8564
4783
198
204
8564
293
8564
216
513
8564
8564
4783
198
204
8564
293
8564
216
824
824
216
8564
8564
513
8564
8564
8564
824
513
8564
8564
513
8564
8564
513
8564
8564
8564
8564
257
8564
1345
1345
8564
4774
513
8564
216
8564
412
8564
204
536
564
670
8564
8564
198
8564
8564
204
8564
257
8564
8564
1345
1345
1345
1345
1345
1345
1345
1345
1345
1345
8564
1345
8564
1345
1345
1345
1345
1345
1345
1345
1345
1345
8564
1345
1345
1345
1345
1345
8564
8564
8564
198
204
8564
513
8564
513
8564
513
8564
513
8564
8564
513
8564
8564
513
8564
513
8564
513
8564
513
8564
8564
8564
8564
8564
8564
8564
8564
8564
4783
412
8564
8564
8564
8564
8564
8564
204
513
8564
8564
8564
216
8564
8564
8564
8564
204
8564
8564
8564
8564
8564
8564
8564
8564
8564
8564
8564
216
8564
8564
513
8564
8564
8564
8564
8564
8564
8564
8564
8564
8564
8564
8564
8564
8564
8564
8564
4783
412
8564
8564
8564
8564
8564
8564
204
8564
8564
8564
8564
8564
204
8564
8564
8564
8564
8564
8564
513
8564
8564
8564
216
8564
234
8564
204
8564
8564
8564
8564
8564
8564
8564
216
8564
8564
8564
8564
8564
8564
8564
8564
8564
8564
8564
8564
8564
8564
8564
8564
8564
216
8564
513
8564
8564
8564
216
8564
513
8564
8564
8564
8564
8564
8564
8564
8564
858
8564
8564
513
8564
8564
8564
204
8564
198
8564
204
8564
8564
8564
198
204
8564
8564
513
8564
8564
216
8564
8564
8564
8564
8564
8564
513
8564
8564
216
8564
8564
8564
204
8564
198
8564
204
8564
8564
8564
198
204
8564
8564
513
8564
8564
8564
216
8564
8564
8564
8564
8564
8564
513
8564
8564
8564
216
8564
8564
8564
8564
8564
8564
8564
513
8564
8564
513
8564
8564
8564
8564
8564
8564
8564
513
8564
8564
8564
8564
8564
8564
8564
513
8564
8564
8564
8564
8564
8564
8564
513
8564
8564
513
8564
8564
234
204
1156
647
8564
5097
8564
253
8564
8564
216
8564
253
8564
8564
216
8564
253
8564
216
8564
253
8564
216
8564
253
8564
216
8564
253
8564
216
8564
253
8564
216
824
8564
8564
8564
8564
216
513
8564
8564
8564
8564
8564
513
670
8564
8564
234
8564
472
653
8564
8564
216
8564
198
8564
204
8564
8564
8564
216
8564
257
8564
1345
513
8564
8564
4783
412
8564
8564
204
513
8564
8564
198
472
8564
216
8564
257
8564
1345
1345
8564
4972
630
8564
204
8564
8564
8564
425
424
8564
204
630
513
599
8564
216
8564
670
8564
8564
234
204
513
198
8564
8564
8564
204
765
513
879
773
756
198
756
8564
8564
8564
612
8564
216
8564
257
8564
513
8564
8564
8564
8564
8564
257
8564
1345
513
8564
8564
513
8564
8564
412
8564
8564
204
8564
8564
8564
8564
412
8564
8564
204
513
8564
8564
513
8564
8564
412
8564
8564
204
513
8564
8564
513
8564
8564
412
612
8564
216
8564
257
8564
1345
1345
8564
8564
8564
631
8564
612
670
879
765
773
756
756
8564
599
8564
318
8564
8564
198
8564
204
8564
8564
216
198
8564
204
8564
670
251
8564
8564
612
670
8564
8564
216
8564
257
8564
1345
1345
1345
756
8564
8564
8564
204
8564
8564
8564
8564
513
8564
8564
431
513
8564
513
8564
8564
8564
513
8564
8564
8564
8564
756
8564
8564
8564
204
8564
257
8564
1345
1345
1345
1345
1345
1345
1345
1345
1345
1345
1345
1345
8564
8564
8564
1345
1345
1345
3722
1345
1345
1345
1345
1345
1345
1345
1345
1345
3722
1345
8564
198
8564
8564
8564
8564
204
8564
198
204
4774
8564
8564
216
8564
4774
8564
8564
198
204
564
8564
8564
8564
216
8564
8564
8564
8564
216
8564
8564
198
8564
8564
8564
204
8564
8564
8564
653
198
8564
612
201
8564
8564
8564
8564
8564
204
8564
8564
8564
8564
8564
8564
204
8564
8564
8564
8564
8564
8564
8564
204
8564
670
8564
8564
234
8564
204
536
394
8564
8564
8564
8564
8564
8564
204
8564
8564
8564
8564
8564
670
8564
8564
8564
8564
8564
8564
8564
216
8564
8564
8564
8564
198
8564
8564
8564
8564
204
8564
8564
670
251
612
670
653
198
8564
513
8564
204
8564
513
8564
513
8564
513
8564
8564
8564
8564
8564
8564
8564
216
8564
8564
8564
8564
8564
8564
8564
8564
8564
765
8564
8564
8564
8564
198
8564
8564
8564
204
8564
8564
8564
8564
8564
8564
216
8564
513
8564
8564
513
8564
8564
513
8564
8564
8564
8564
513
198
8564
8564
8564
8564
8564
8564
8564
204
513
198
8564
8564
8564
8564
8564
8564
8564
8564
8564
204
8564
8564
8564
8564
670
251
612
670
8564
653
198
8564
675
234
424
8564
204
513
634
513
8564
8564
612
670
513
513
8564
8564
513
8564
8564
513
8564
8564
8564
198
198
8564
8564
8564
204
8564
8564
8564
8564
8564
198
8564
8564
8564
204
8564
8564
8564
216
8564
670
8564
8564
216
318
8564
8564
216
8564
8564
8564
412
8564
204
513
198
8564
513
8564
204
8564
8564
513
8564
8564
513
8564
8564
513
8564
8564
8564
8564
8564
8564
8564
8564
8564
216
8564
513
8564
8564
513
8564
8564
513
8564
8564
8564
8564
8564
8564
8564
216
8564
513
8564
8564
8564
8564
8564
8564
216
8564
8564
670
251
8564
8564
8564
8564
612
670
8564
8564
8564
257
8564
250
8564
8564
8564
8564
8564
8564
8564
216
8564
8564
1345
1345
1345
1345
1345
1345
3722
8564
1345
634
612
670
879
756
8564
204
8564
513
8564
513
8564
513
8564
513
8564
472
8564
8564
8564
8564
8564
8564
216
8564
8564
8564
8564
8564
8564
879
198
8564
8564
204
8564
8564
8564
8564
8564
8564
8564
879
198
8564
8564
204
8564
251
612
670
425
810
8564
8564
8564
8564
8564
680
670
8564
8564
670
8564
8564
8564
8564
670
8564
8564
8564
765
251
811
599
670
634
612
670
879
756
8564
8564
8564
8564
8564
8564
204
8564
257
8564
1345
1345
1345
1345
949
858
670
251
612
670
4774
564
653
949
634
612
695
425
8564
204
8564
513
8564
513
8564
513
8564
513
8564
8564
8564
216
8564
8564
8564
8564
8564
8564
513
198
612
670
251
612
695
394
8564
8564
8564
204
8564
858
198
810
257
8564
1345
1345
1345
1345
1345
1345
1345
1345
1345
1345
1345
634
612
670
756
8564
204
8564
513
8564
513
8564
513
8564
513
8564
8564
8564
8564
8564
216
8564
8564
8564
198
8564
8564
204
824
198
204
8564
8564
216
756
8564
204
8564
8564
8564
8564
8564
8564
513
8564
8564
513
8564
8564
513
8564
8564
513
8564
8564
8564
8564
8564
8564
8564
8564
216
8564
8564
8564
8564
8564
8564
765
771
811
765
670
8564
513
8564
8564
513
8564
8564
8564
216
8564
513
8564
8564
513
8564
8564
8564
8564
257
8564
251
858
634
8564
599
810
8564
198
8564
8564
8564
204
634
198
8564
424
204
8564
8564
8564
8564
216
8564
8564
8564
8564
8564
765
251
811
765
670
8564
765
8564
8564
8564
670
8564
8564
634
612
670
756
8564
8564
8564
8564
204
8564
8564
8564
670
8564
8564
647
670
8564
513
198
612
670
601
412
8564
424
8564
8564
8564
204
8564
879
257
8564
1345
1345
8564
8564
8564
1345
8564
8564
204
4783
8564
216
771
612
670
496
204
765
8564
8564
8564
216
412
8564
204
8564
8564
8564
216
8564
257
8564
1345
4783
198
8564
204
8564
8564
216
8564
8564
234
8564
204
513
8564
8564
234
204
8564
724
234
8564
204
8564
8564
8564
216
8564
8564
216
8564
3634
8564
8564
1345
1345
8564
194
198
8564
204
8564
8564
198
8564
204
513
8564
8564
8564
216
8564
257
8564
1345
1345
1345
1345
1345
8564
8564
8564
513
8564
8564
513
8564
8564
513
8564
8564
198
8564
204
4783
8564
216
8564
8564
198
513
8564
8564
204
8564
8564
513
198
612
670
8564
8564
8564
8564
216
8564
8564
8564
8564
216
8564
8564
8564
194
198
513
8564
8564
513
8564
8564
8564
204
8564
8564
513
8564
8564
513
8564
8564
513
8564
8564
8564
194
513
8564
8564
8564
198
8564
204
8564
252
8564
198
8564
8564
204
824
232
257
8564
1345
1345
1345
8564
8564
198
8564
204
234
8564
8564
204
8564
8564
8564
8564
422
771
8564
8564
204
765
8564
198
8564
8564
8564
204
8564
198
8564
234
8564
204
8564
204
8564
8564
8564
8564
8564
201
424
8564
204
765
8564
198
8564
8564
8564
204
8564
204
8564
8564
8564
8564
422
771
8564
8564
204
765
8564
198
8564
8564
8564
204
8564
8564
8564
8564
216
8564
8564
8564
8564
216
8564
257
8564
1345
8564
8564
756
204
513
8564
8564
216
8564
8564
216
8564
257
8564
8564
1345
1345
1345
1345
1345
1345
1345
8564
1345
8564
1345
8564
1345
8564
1345
1345
1345
1345
8564
8564
8564
8564
204
8564
8564
8564
216
8564
8564
8564
204
8564
8564
8564
216
4783
756
204
513
4783
216
4783
216
8564
8564
513
8564
198
204
8564
8564
8564
216
8564
201
204
8564
8564
8564
8564
8564
216
8564
198
8564
3582
8564
8564
8564
8564
8564
216
8564
8564
8564
8564
8564
198
204
513
8564
216
8564
8564
634
198
8564
8564
204
8564
8564
8564
198
8564
8564
8564
204
8564
8564
4783
8564
8564
216
756
8564
513
204
8564
513
513
513
8564
8564
8564
8564
216
8564
8564
513
8564
513
8564
513
8564
8564
8564
8564
8564
8564
8564
8564
8564
216
8564
8564
8564
8564
8564
8564
8564
8564
8564
8564
8564
8564
8564
8564
8564
8564
8564
8564
8564
8564
8564
8564
8564
8564
216
8564
8564
8564
8564
8564
8564
8564
8564
8564
8564
8564
8564
8564
8564
198
204
8564
8564
234
8564
204
8564
8564
232
8564
4783
198
8564
204
8564
8564
8564
8564
8564
8564
8564
8564
8564
8564
216
756
8564
8564
8564
8564
8564
8564
8564
8564
8564
8564
204
8564
412
204
513
8564
8564
216
8564
8564
513
8564
8564
513
8564
8564
513
8564
8564
513
8564
8564
8564
8564
8564
513
8564
8564
513
8564
8564
513
8564
8564
513
8564
8564
8564
8564
216
8564
8564
8564
8564
8564
8564
257
8564
1345
1345
8564
8564
8564
8564
756
204
513
8564
8564
216
8564
8564
216
8564
8564
8564
412
204
8564
234
204
756
8564
204
8564
8564
513
631
198
8564
8564
204
4783
8564
8564
425
599
765
8564
8564
204
513
8564
8564
216
8564
8564
216
8564
412
204
8564
8564
8564
8564
216
8564
8564
8564
670
251
8564
8564
8564
8564
612
670
8564
8564
8564
257
8564
8564
1345
1345
1345
1345
1345
3722
8564
1345
634
612
670
756
8564
204
8564
8564
513
8564
472
8564
8564
8564
8564
8564
216
8564
8564
8564
8564
8564
194
8564
765
198
8564
8564
204
8564
8564
8564
194
8564
8564
765
198
8564
8564
204
8564
251
612
670
425
810
8564
8564
8564
8564
8564
680
670
8564
8564
670
8564
8564
8564
8564
670
8564
8564
8564
765
251
811
599
670
634
612
670
756
8564
8564
8564
8564
8564
204
8564
879
257
8564
1345
1345
1345
1345
1345
1345
1345
1345
1345
1345
634
612
670
756
204
8564
513
8564
513
8564
513
8564
513
8564
8564
8564
8564
8564
216
8564
8564
8564
198
8564
8564
204
824
198
204
8564
8564
216
756
8564
204
8564
8564
8564
8564
8564
8564
513
8564
8564
513
8564
8564
513
8564
8564
513
8564
8564
8564
8564
8564
8564
8564
8564
216
8564
8564
8564
8564
8564
8564
765
771
811
765
670
8564
513
8564
8564
513
8564
8564
8564
216
8564
513
8564
8564
513
8564
8564
8564
8564
257
8564
251
858
634
8564
599
810
8564
198
8564
8564
8564
204
634
198
8564
424
204
8564
8564
8564
8564
216
8564
8564
8564
8564
8564
765
251
811
765
670
8564
765
8564
8564
8564
670
8564
8564
634
612
670
756
8564
8564
8564
204
8564
8564
8564
670
8564
8564
647
670
8564
513
198
612
670
601
412
8564
424
8564
8564
8564
204
481
8564
1345
8564
194
949
8564
192
188
1137
641
192
2095
194
765
949
8564
756
8564
8564
204
8564
8564
8564
8564
8564
8564
216
756
204
8564
4783
8564
8564
8564
756
8564
204
8564
8564
8564
8564
216
756
612
8564
3634
216
8564
8564
8564
8564
8564
8564
257
8564
1345
1345
1345
1345
1345
1345
8564
8564
8564
194
765
885
885
773
756
198
756
8564
424
810
8564
8564
8564
756
204
513
8564
8564
216
8564
8564
216
8564
8564
198
8564
8564
204
8564
234
204
4783
204
513
8564
8564
8564
8564
216
8564
8564
8564
8564
216
8564
8564
8564
216
8564
198
8564
8564
204
8564
8564
8564
8564
8564
8564
216
8564
198
8564
8564
204
8564
8564
8564
8564
216
8564
8564
670
251
8564
8564
612
670
8564
257
8564
8564
1345
1345
1345
1345
1345
1345
8564
634
612
670
756
8564
204
472
8564
8564
8564
8564
8564
216
8564
8564
8564
8564
198
8564
8564
204
824
8564
8564
216
8564
251
858
634
8564
810
8564
8564
8564
680
670
8564
8564
670
8564
8564
8564
765
8564
765
251
811
757
670
634
612
670
756
8564
8564
8564
8564
8564
204
8564
879
257
8564
1345
1345
1345
1345
1345
1345
1345
634
612
670
756
8564
204
8564
8564
8564
8564
216
8564
8564
8564
198
8564
8564
204
824
8564
8564
216
8564
251
858
634
8564
810
8564
198
8564
8564
8564
198
424
198
424
204
8564
8564
8564
216
670
765
765
251
811
757
670
8564
8564
8564
634
612
670
756
8564
8564
8564
8564
204
8564
8564
670
8564
8564
647
250
670
8564
412
8564
8564
204
8564
879
257
8564
1345
1345
1345
1345
1345
1345
1345
1345
1345
634
612
670
756
8564
204
8564
513
8564
513
8564
513
8564
513
8564
8564
8564
8564
8564
216
8564
8564
8564
198
8564
8564
204
824
8564
8564
216
8564
251
858
634
8564
810
599
8564
198
8564
8564
8564
204
634
198
8564
424
204
8564
8564
8564
8564
216
8564
8564
8564
8564
8564
765
251
811
765
670
8564
765
8564
8564
8564
670
8564
8564
634
612
670
756
8564
8564
8564
8564
204
8564
8564
8564
670
8564
8564
647
670
8564
513
198
612
670
601
412
8564
424
8564
8564
8564
204
8564
879
257
8564
1345
1345
1345
1345
1345
1345
1345
8564
1345
1345
1345
8564
251
8564
8564
204
8564
756
513
8564
8564
216
8564
8564
8564
8564
670
8564
8564
8564
765
251
204
513
8564
8564
8564
8564
8564
216
4774
513
8564
670
513
8564
8564
765
513
8564
8564
513
8564
8564
8564
8564
8564
765
8564
8564
8564
8564
8564
8564
216
8564
8564
8564
8564
194
204
8564
513
8564
8564
513
8564
8564
513
8564
8564
8564
8564
8564
216
8564
8564
513
8564
8564
513
8564
8564
513
8564
8564
8564
8564
8564
216
8564
8564
198
8564
8564
204
8564
234
204
8564
8564
8564
513
8564
204
8564
194
513
8564
8564
513
8564
8564
8564
8564
8564
216
8564
8564
194
513
8564
8564
513
8564
8564
8564
8564
8564
216
8564
756
8564
204
513
8564
8564
513
8564
8564
513
8564
8564
8564
8564
8564
8564
8564
8564
8564
8564
8564
8564
216
513
949
8564
670
251
8564
8564
612
670
670
8564
8564
670
8564
251
8564
8564
8564
8564
204
8564
8564
216
8564
251
810
8564
8564
8564
257
8564
1345
1345
1345
8564
8564
8564
234
8564
8564
8564
204
8564
8564
8564
513
234
198
8564
8564
204
234
612
8564
8564
234
8564
8564
8564
204
4783
8564
8564
216
765
4783
8564
8564
513
8564
670
8564
8564
8564
4972
513
4783
8564
8564
5012
8564
8564
216
8564
257
8564
1345
1345
1345
1345
1345
1345
1345
8564
198
204
513
8564
8564
630
204
8564
8564
252
8564
8564
8564
252
8564
8564
194
198
513
8564
204
8564
8564
8564
198
8564
8564
204
8564
252
8564
8564
8564
252
8564
513
8564
8564
8564
8564
8564
216
8564
513
8564
8564
513
8564
8564
8564
8564
216
8564
8564
513
198
612
670
8564
8564
8564
8564
216
513
8564
8564
513
8564
8564
8564
8564
216
8564
8564
8564
198
513
8564
8564
513
8564
8564
204
513
8564
8564
513
8564
8564
216
8564
8564
252
8564
513
8564
8564
8564
513
8564
8564
216
513
8564
8564
547
858
198
8564
204
253
8564
216
198
8564
204
253
8564
216
198
8564
204
253
8564
216
198
8564
204
253
8564
216
198
8564
204
253
8564
216
198
8564
204
253
8564
216
253
198
810
8564
216
8564
513
8564
8564
513
8564
8564
8564
198
513
8564
8564
8564
513
8564
8564
8564
8564
198
513
8564
8564
8564
8564
8564
8564
204
513
8564
8564
8564
216
8564
8564
513
8564
8564
513
8564
8564
513
8564
8564
513
8564
8564
513
8564
8564
513
8564
8564
513
8564
8564
252
8564
513
8564
8564
8564
8564
8564
513
8564
8564
513
8564
8564
513
8564
8564
513
8564
8564
513
8564
8564
513
8564
8564
513
8564
8564
513
8564
8564
513
8564
8564
257
8564
1345
1345
1345
8564
8564
513
8564
8564
513
8564
8564
8564
194
513
8564
513
8564
8564
8564
8564
513
8564
8564
513
8564
8564
513
8564
8564
513
8564
8564
858
1168
688
8564
204
253
8564
8564
216
547
634
8564
204
253
8564
8564
216
547
198
204
253
8564
8564
216
547
634
8564
204
253
8564
8564
216
547
198
204
253
8564
8564
216
253
4774
675
724
234
647
564
547
653
8564
810
8564
8564
216
8564
8564
513
8564
8564
513
8564
8564
8564
198
513
8564
8564
8564
513
8564
8564
8564
8564
198
513
8564
8564
8564
8564
8564
8564
204
513
8564
8564
8564
216
8564
513
8564
8564
513
8564
8564
513
8564
8564
8564
194
513
8564
8564
513
8564
8564
513
8564
8564
513
8564
8564
513
8564
8564
513
8564
8564
513
8564
8564
513
8564
8564
257
8564
1345
8564
8564
198
204
8564
257
8564
8564
257
8564
1345
8564
198
204
8564
257
8564
8564
257
8564
1345
1345
1345
293
8564
8564
8564
756
8564
8564
204
8564
8564
8564
198
8564
204
4783
8564
216
8564
257
8564
1345
1345
8564
1345
8564
198
8564
204
513
8564
8564
216
8564
198
8564
513
8564
8564
8564
8564
198
8564
8564
8564
8564
204
513
8564
8564
8564
216
8564
513
8564
8564
8564
756
8564
8564
204
8564
8564
198
8564
204
8564
8564
8564
216
8564
513
8564
8564
8564
8564
756
8564
8564
204
8564
8564
8564
8564
216
8564
8564
198
8564
204
513
8564
8564
8564
8564
8564
216
8564
257
8564
1345
1345
1345
1345
858
858
8564
675
234
8564
8564
204
8564
8564
198
8564
8564
204
8564
234
8564
8564
8564
8564
204
234
8564
8564
8564
8564
204
8564
513
8564
8564
234
8564
8564
8564
8564
204
8564
513
8564
8564
234
8564
204
8564
412
204
8564
4972
8564
858
8564
564
513
8564
8564
8564
257
8564
257
8564
513
8564
8564
8564
4972
513
4783
8564
8564
8564
513
513
8564
8564
8564
513
8564
8564
8564
8564
8564
5012
8564
513
8564
8564
257
8564
1345
1345
8564
8564
513
8564
8564
513
8564
8564
675
4621
8564
204
253
8564
8564
198
8564
8564
204
8564
8564
8564
8564
216
8564
8564
8564
8564
8564
216
8564
257
8564
1345
8564
8564
8564
257
8564
1345
1345
1345
8564
8564
8564
8564
1345
8564
198
8564
204
8564
513
8564
513
8564
513
8564
513
8564
513
8564
8564
513
8564
513
8564
8564
216
8564
8564
513
8564
8564
8564
8564
198
204
8564
8564
8564
8564
216
8564
412
8564
204
8564
8564
412
8564
204
8564
412
8564
204
8564
412
8564
204
513
8564
8564
8564
8564
513
8564
8564
885
858
883
773
513
8564
8564
8564
216
8564
8564
198
8564
8564
204
8564
257
8564
1345
1345
1345
1345
8564
198
8564
204
8564
513
8564
513
8564
513
8564
513
8564
513
8564
8564
216
8564
8564
8564
8564
513
8564
8564
8564
8564
8564
8564
198
8564
204
513
513
8564
8564
8564
8564
8564
8564
216
8564
8564
198
8564
8564
8564
204
8564
257
8564
1345
1345
1345
8564
198
204
8564
513
8564
513
8564
513
8564
513
8564
8564
216
8564
513
8564
8564
198
204
513
8564
8564
885
8564
216
8564
8564
513
8564
8564
8564
8564
8564
8564
8564
8564
8564
198
8564
8564
204
8564
257
8564
1345
1345
8564
1345
8564
234
8564
204
513
8564
8564
4783
8564
8564
8564
234
8564
204
513
8564
8564
234
8564
204
198
8564
204
824
756
8564
204
8564
198
8564
204
8564
8564
8564
198
204
4783
8564
216
8564
4783
824
756
204
8564
8564
198
204
8564
4783
8564
216
547
198
204
8564
4783
8564
8564
8564
216
4783
198
8564
204
8564
8564
216
8564
257
8564
1345
1345
1345
8564
201
8564
204
8564
198
8564
204
8564
8564
634
8564
198
424
204
8564
513
8564
8564
8564
513
8564
8564
513
8564
8564
513
8564
8564
8564
8564
513
8564
8564
513
8564
8564
8564
513
8564
8564
513
8564
8564
8564
8564
216
8564
724
234
8564
204
8564
8564
8564
216
8564
8564
8564
8564
198
204
527
232
8564
4972
198
8564
8564
204
8564
257
8564
513
630
8564
612
257
8564
1345
8564
8564
547
198
4881
8564
8564
547
1168
687
612
653
765
547
198
612
653
598
675
724
1156
513
8564
8564
547
431
675
513
8564
8564
257
8564
8564
547
431
4774
8564
4794
198
4881
8564
216
8564
216
8564
216
8564
216
8564
216
8564
216
8564
8564
293
8564
824
824
824
547
634
8564
204
513
8564
8564
234
204
8564
216
8564
216
547
634
8564
204
513
8564
8564
234
204
8564
216
8564
216
547
634
8564
204
513
8564
8564
234
204
8564
216
8564
216
257
8564
513
8564
8564
4108
8564
257
8564
8564
1345
1345
1345
8564
198
8564
204
8564
8564
8564
412
8564
204
513
8564
8564
198
8564
204
8564
8564
8564
8564
8564
8564
204
293
8564
8564
8564
216
8564
8564
8564
216
8564
4783
513
8564
8564
8564
8564
513
8564
8564
8564
216
513
8564
8564
216
8564
8564
257
8564
1345
8564
1345
1345
1345
1345
1345
8564
8564
198
204
8564
513
8564
513
8564
513
8564
513
8564
8564
216
8564
198
204
513
8564
8564
216
8564
8564
513
8564
513
8564
513
8564
513
8564
8564
216
8564
8564
513
8564
8564
8564
8564
8564
700
8564
204
8564
8564
8564
198
8564
204
647
547
653
513
8564
8564
198
8564
8564
8564
204
8564
513
8564
8564
8564
8564
8564
700
8564
204
8564
8564
8564
8564
8564
198
8564
204
513
8564
8564
198
8564
8564
204
8564
8564
8564
8564
8564
8564
8564
8564
513
8564
8564
8564
204
513
8564
8564
8564
8564
8564
8564
513
8564
8564
8564
216
8564
8564
513
8564
8564
8564
216
8564
257
8564
8564
1345
1345
1345
8564
198
8564
204
8564
8564
8564
412
8564
204
513
8564
8564
198
8564
204
8564
8564
8564
8564
8564
8564
204
293
8564
8564
8564
216
8564
8564
8564
216
8564
4783
513
8564
8564
8564
8564
513
8564
8564
8564
216
513
8564
8564
216
8564
8564
257
8564
1345
8564
1345
1345
1345
1345
1345
8564
8564
198
204
8564
513
8564
513
8564
513
8564
513
8564
8564
216
8564
198
204
513
8564
8564
216
8564
8564
513
8564
513
8564
513
8564
513
8564
8564
216
8564
8564
513
8564
8564
8564
8564
8564
700
8564
204
8564
8564
8564
198
8564
204
647
547
653
513
8564
8564
198
8564
8564
8564
204
8564
513
8564
8564
8564
8564
8564
700
8564
204
8564
8564
8564
8564
8564
198
8564
204
513
8564
8564
198
8564
8564
204
8564
8564
8564
8564
8564
8564
8564
8564
513
8564
8564
8564
204
513
8564
8564
8564
8564
8564
8564
513
8564
8564
8564
216
8564
8564
513
8564
8564
8564
216
8564
257
8564
1345
1345
1345
1345
1345
1345
1345
1345
3722
1345
1345
8564
1345
1345
824
8564
4972
8564
513
547
765
513
513
8564
8564
547
513
8564
8564
513
8564
8564
513
8564
8564
8564
8564
8564
8564
8564
8564
198
204
8564
858
883
8564
216
8564
8564
8564
234
8564
513
8564
204
547
198
757
8564
8564
8564
8564
8564
8564
201
885
8564
204
198
547
198
8564
8564
8564
216
8564
8564
8564
8564
8564
8564
201
8564
8564
8564
204
8564
8564
8564
8564
8564
8564
8564
8564
198
204
8564
8564
8564
8564
8564
198
204
8564
8564
8564
8564
8564
8564
8564
513
8564
8564
513
8564
8564
8564
513
8564
8564
8564
216
8564
204
8564
8564
8564
8564
8564
8564
216
8564
8564
8564
8564
8564
8564
198
204
8564
8564
216
8564
8564
8564
8564
8564
216
8564
204
8564
8564
216
8564
513
8564
8564
234
8564
8564
204
8564
8564
8564
8564
8564
8564
198
204
8564
8564
8564
198
8564
204
8564
8564
8564
8564
8564
8564
8564
513
8564
8564
513
8564
8564
8564
513
8564
8564
8564
216
8564
8564
8564
8564
8564
198
8564
8564
204
547
198
8564
8564
204
8564
8564
8564
8564
8564
198
204
8564
8564
216
8564
8564
8564
8564
8564
216
198
8564
204
8564
8564
8564
8564
8564
8564
216
547
198
8564
8564
204
8564
8564
8564
8564
8564
8564
8564
513
8564
8564
513
8564
8564
513
8564
8564
8564
216
8564
513
8564
8564
8564
8564
216
8564
257
8564
1345
1345
1345
8564
8564
8564
8564
234
8564
8564
204
8564
513
8564
8564
234
8564
8564
8564
204
8564
647
8564
564
8564
8564
8564
253
670
8564
8564
724
234
8564
204
8564
257
8564
1345
1345
8564
1345
1345
8564
1345
1345
1345
8564
1345
1345
8564
1345
1345
1345
1345
1345
1345
1345
1345
1345
1345
1345
1345
8564
8564
8564
4972
8564
513
547
765
513
513
8564
8564
547
513
8564
8564
513
8564
8564
513
8564
8564
8564
8564
8564
8564
8564
201
8564
8564
204
8564
8564
8564
8564
8564
8564
201
8564
8564
204
8564
8564
8564
8564
216
8564
8564
8564
198
8564
204
513
8564
8564
234
757
8564
216
234
757
8564
653
198
8564
204
198
8564
8564
8564
8564
204
198
8564
8564
234
8564
204
253
8564
216
8564
8564
8564
8564
8564
8564
204
8564
824
198
8564
8564
204
8564
424
8564
204
8564
8564
8564
8564
8564
8564
8564
8564
8564
8564
8564
216
8564
8564
8564
8564
8564
8564
8564
216
8564
513
8564
8564
8564
8564
424
8564
8564
8564
8564
204
513
8564
8564
8564
8564
564
8564
8564
8564
8564
204
8564
8564
8564
431
8564
8564
8564
8564
8564
8564
858
8564
8564
8564
8564
513
547
765
513
513
8564
8564
547
513
8564
8564
513
8564
8564
513
8564
8564
8564
564
8564
8564
8564
8564
8564
216
8564
8564
8564
858
8564
4972
564
8564
513
547
765
513
513
8564
8564
547
513
8564
8564
513
8564
8564
513
8564
8564
8564
8564
8564
8564
8564
216
8564
8564
8564
198
198
8564
204
8564
204
8564
8564
234
8564
204
513
8564
216
513
8564
8564
8564
8564
8564
8564
204
8564
824
198
8564
204
513
8564
8564
513
8564
8564
513
8564
8564
513
8564
8564
8564
8564
201
8564
8564
8564
8564
204
513
8564
8564
8564
8564
8564
8564
216
8564
513
8564
8564
8564
8564
8564
216
8564
8564
8564
8564
8564
8564
216
8564
8564
8564
8564
513
547
765
513
513
8564
8564
547
513
8564
8564
513
8564
8564
513
8564
8564
8564
198
8564
8564
8564
8564
8564
8564
204
8564
204
8564
198
8564
8564
8564
204
513
8564
8564
8564
8564
216
8564
198
8564
204
8564
513
8564
8564
8564
216
8564
8564
8564
8564
8564
8564
8564
201
8564
8564
8564
8564
204
8564
8564
8564
8564
8564
8564
201
8564
8564
204
8564
198
8564
204
8564
8564
8564
8564
216
8564
257
8564
8564
4739
232
8564
1345
8564
564
8564
8564
8564
4783
8564
8564
8564
4783
8564
8564
8564
8564
257
8564
1345
8564
8564
8564
4972
8564
564
8564
8564
8564
8564
8564
601
811
257
8564
1345
1345
1345
8564
1345
1345
8564
8564
8564
1345
8564
513
8564
513
8564
513
8564
564
8564
8564
513
8564
431
216
8564
8564
8564
8564
8564
8564
198
204
8564
8564
234
8564
204
8564
8564
8564
234
8564
204
647
8564
8564
216
513
412
8564
8564
204
8564
8564
8564
234
8564
204
513
8564
8564
647
547
653
234
8564
8564
8564
8564
204
1156
1191
204
8564
8564
216
8564
8564
8564
8564
8564
8564
8564
513
198
8564
204
8564
234
8564
8564
204
8564
513
8564
8564
8564
216
234
8564
513
757
257
481
8564
1345
824
198
8564
204
8564
4972
756
8564
8564
204
8564
8564
8564
216
8564
257
8564
1345
1345
1345
1345
1345
1345
1345
1345
3722
1345
1345
1345
1345
8564
1345
1345
1345
1345
1345
1345
1345
1345
1345
1345
1345
8564
8564
216
8564
564
8564
8564
8564
198
8564
204
8564
8564
8564
198
204
536
198
8564
8564
204
8564
8564
8564
216
4783
8564
8564
8564
8564
216
8564
8564
8564
8564
513
8564
8564
533
234
8564
8564
8564
8564
204
8564
3634
8564
8564
8564
216
198
8564
8564
8564
8564
204
8564
8564
8564
8564
216
198
8564
8564
8564
8564
204
8564
8564
8564
8564
216
8564
8564
8564
8564
8564
8564
8564
216
8564
8564
8564
8564
204
8564
8564
216
198
8564
204
8564
8564
234
8564
599
8564
216
198
8564
204
8564
3634
8564
8564
8564
216
4783
8564
8564
8564
198
8564
204
8564
3634
8564
216
8564
8564
198
204
824
198
8564
204
8564
3634
8564
216
198
8564
8564
8564
8564
204
8564
8564
8564
756
8564
8564
204
8564
513
8564
8564
513
8564
8564
513
8564
8564
513
8564
8564
8564
8564
8564
8564
8564
8564
8564
8564
8564
8564
216
8564
198
8564
204
8564
198
8564
204
4783
198
8564
8564
204
4783
198
8564
8564
204
8564
8564
8564
8564
756
8564
204
8564
4783
198
8564
8564
204
8564
4783
198
8564
8564
204
513
8564
8564
8564
216
8564
824
8564
8564
198
8564
204
824
8564
8564
198
8564
204
8564
8564
8564
198
204
513
8564
8564
513
8564
8564
513
8564
8564
8564
513
8564
8564
8564
216
8564
513
8564
8564
8564
216
8564
513
8564
8564
513
8564
8564
513
8564
8564
8564
513
8564
8564
513
8564
8564
513
8564
8564
513
8564
8564
8564
8564
8564
8564
8564
8564
8564
8564
513
8564
8564
216
8564
8564
8564
8564
8564
513
8564
8564
8564
8564
8564
8564
8564
8564
513
8564
8564
513
8564
8564
513
8564
8564
8564
513
670
8564
8564
8564
8564
8564
858
409
198
8564
204
513
8564
8564
8564
8564
216
513
8564
8564
8564
8564
216
513
8564
8564
216
8564
8564
547
634
8564
8564
204
513
8564
8564
8564
8564
8564
8564
8564
216
231
232
8564
8564
547
198
8564
204
513
8564
8564
8564
8564
8564
8564
8564
8564
216
8564
547
634
8564
8564
204
513
8564
8564
8564
8564
8564
8564
8564
8564
216
8564
675
4621
8564
204
513
8564
8564
8564
8564
8564
8564
8564
8564
216
8564
1168
688
8564
8564
204
513
8564
8564
8564
8564
8564
8564
8564
8564
216
8564
547
634
8564
8564
204
513
8564
8564
8564
8564
8564
8564
8564
8564
216
8564
547
634
8564
8564
204
513
8564
8564
8564
8564
8564
8564
216
8564
547
198
513
8564
8564
204
8564
8564
8564
8564
8564
8564
8564
8564
8564
8564
216
547
634
8564
204
8564
8564
8564
8564
8564
8564
216
8564
8564
8564
824
198
8564
204
8564
8564
8564
8564
3634
8564
8564
8564
216
824
198
204
8564
8564
8564
8564
670
8564
216
8564
257
8564
1345
824
198
8564
204
824
8564
8564
216
8564
257
8564
1345
1345
1345
1345
1345
293
8564
824
198
8564
204
824
8564
198
8564
8564
8564
204
634
8564
8564
204
8564
513
8564
513
8564
513
8564
564
8564
8564
513
8564
8564
8564
8564
216
670
670
771
8564
8564
8564
8564
8564
204
8564
8564
8564
8564
765
8564
8564
8564
8564
8564
513
630
8564
204
8564
257
8564
1345
1345
1345
293
8564
824
198
8564
8564
204
8564
564
8564
8564
8564
8564
8564
412
8564
8564
204
824
756
8564
8564
204
8564
257
8564
8564
216
8564
1345
1345
1345
1345
1345
1345
1345
1345
1345
1345
1345
1345
1345
1345
1345
1345
8564
1345
756
8564
8564
8564
204
879
634
612
670
879
8564
8564
216
8564
8564
8564
8564
8564
513
8564
513
8564
513
8564
513
8564
8564
8564
8564
216
8564
8564
8564
8564
8564
8564
8564
513
8564
8564
8564
675
1156
8564
8564
8564
8564
8564
8564
8564
8564
8564
631
612
670
879
601
634
424
634
8564
8564
8564
204
8564
204
564
8564
513
8564
8564
431
8564
216
630
204
8564
8564
8564
8564
8564
8564
8564
824
198
8564
8564
204
231
232
824
198
8564
8564
204
8564
8564
8564
1347
513
8564
216
1156
724
234
612
670
8564
234
8564
8564
8564
216
8564
513
8564
8564
8564
1011
431
630
234
424
8564
204
8564
564
204
8564
8564
756
612
653
8564
8564
8564
216
949
670
8564
8564
8564
216
8564
8564
8564
394
8564
8564
8564
8564
8564
204
8564
257
8564
1345
1345
1345
1345
1345
1345
1345
1345
1345
1345
1345
8564
1345
1345
1345
8564
409
8564
8564
8564
216
513
8564
8564
949
756
8564
8564
8564
204
879
634
612
695
694
8564
8564
216
8564
8564
8564
8564
513
8564
513
8564
513
8564
513
8564
8564
8564
8564
216
8564
8564
8564
8564
8564
8564
8564
513
8564
675
1156
8564
8564
8564
8564
8564
8564
8564
631
612
670
879
601
634
424
634
8564
8564
8564
204
8564
204
513
8564
8564
8564
216
8564
8564
689
8564
8564
8564
8564
8564
8564
824
198
8564
204
824
8564
216
824
198
8564
204
824
198
8564
204
630
204
198
8564
204
513
8564
513
8564
513
8564
564
8564
8564
513
8564
8564
8564
8564
216
8564
8564
8564
216
765
670
756
8564
8564
8564
204
8564
8564
8564
8564
8564
8564
8564
8564
8564
513
630
8564
204
8564
8564
756
198
424
8564
8564
204
8564
670
8564
8564
513
8564
8564
8564
8564
513
771
8564
8564
204
8564
257
8564
8564
547
198
4881
293
8564
547
198
612
653
598
675
724
1156
513
8564
8564
547
198
612
653
598
547
634
8564
547
536
547
536
810
675
513
8564
8564
547
198
612
653
598
675
724
1156
513
8564
8564
547
198
612
653
598
675
724
1156
513
8564
8564
547
198
612
653
598
547
634
8564
547
536
547
536
810
675
513
8564
8564
547
198
612
653
598
675
724
1156
513
8564
8564
547
198
612
653
598
675
724
1156
513
8564
8564
858
547
634
8564
198
472
472
810
675
513
8564
8564
513
8564
8564
257
8564
8564
8564
4783
8564
8564
8564
8564
8564
8564
8564
4783
8564
8564
824
257
8564
8564
8564
4783
8564
8564
8564
8564
1345
8564
8564
8564
4783
8564
8564
8564
8564
8564
8564
8564
4783
8564
8564
8564
8564
8564
8564
257
8564
8564
257
8564
8564
232
8564
8564
8564
8564
4783
8564
8564
8564
8564
8564
8564
257
8564
8564
257
8564
8564
257
8564
8564
257
8564
8564
232
8564
8564
257
8564
8564
257
8564
1345
8564
8564
8564
8564
4783
8564
8564
8564
8564
8564
1345
8564
8564
8564
8564
4783
8564
8564
8564
8564
1345
8564
257
8564
8564
257
8564
8564
257
8564
8564
257
8564
8564
257
8564
8564
257
8564
8564
257
8564
1345
8564
8564
8564
8564
4783
8564
8564
8564
8564
8564
8564
257
8564
1345
8564
8564
8564
8564
4783
8564
8564
8564
8564
8564
8564
8564
4783
8564
8564
8564
8564
8564
8564
257
8564
8564
257
8564
8564
257
8564
8564
257
8564
8564
257
8564
8564
257
8564
8564
257
8564
8564
257
8564
1345
8564
8564
8564
8564
198
8564
204
8564
257
8564
8564
8564
8564
8564
8564
232
8564
8564
8564
4846
198
612
547
653
257
8564
8564
257
8564
1345
8564
198
204
4783
198
8564
8564
204
8564
198
8564
204
4783
198
8564
612
8564
216
8564
257
8564
1345
1345
1345
1345
1345
1345
8564
1345
1345
1345
8564
675
3722
234
8564
8564
204
8564
8564
234
8564
8564
8564
8564
204
8564
8564
8564
8564
204
8564
8564
8564
234
8564
8564
204
513
8564
8564
234
8564
8564
204
513
8564
8564
681
234
8564
8564
765
810
8564
216
8564
8564
8564
216
8564
8564
513
8564
8564
681
234
8564
8564
8564
8564
204
8564
670
8564
216
8564
8564
8564
234
8564
513
8564
204
765
198
8564
204
564
547
8564
8564
8564
513
4783
8564
8564
8564
670
8564
8564
198
8564
8564
204
8564
8564
198
8564
8564
204
824
232
8564
8564
8564
8564
198
204
412
8564
204
8564
8564
8564
8564
8564
8564
8564
216
318
3634
8564
216
8564
8564
8564
234
8564
8564
204
412
8564
8564
204
564
547
8564
8564
8564
8564
8564
8564
8564
216
8564
257
8564
1345
1345
1345
1345
1345
1345
1345
1345
1345
1345
8564
1345
513
8564
8564
198
8564
204
8564
513
8564
8564
513
8564
513
8564
513
8564
513
8564
8564
8564
216
8564
8564
8564
8564
8564
4783
198
8564
8564
8564
204
8564
8564
1011
513
8564
8564
412
8564
8564
8564
8564
204
513
8564
8564
547
198
810
547
198
8564
8564
204
8564
8564
8564
216
8564
513
8564
8564
8564
216
8564
8564
8564
513
513
198
198
8564
424
8564
8564
8564
8564
8564
204
8564
257
8564
1345
4783
198
8564
204
513
8564
8564
8564
216
8564
257
8564
1345
1345
1345
1345
8564
513
8564
8564
198
8564
8564
204
8564
8564
8564
8564
198
204
513
8564
8564
724
234
8564
204
513
513
198
8564
8564
8564
204
8564
257
8564
1345
8564
8564
8564
412
204
756
765
425
8564
765
810
257
257
8564
1345
1345
8564
8564
8564
513
8564
8564
198
204
513
8564
8564
8564
234
8564
8564
8564
810
8564
8564
216
8564
257
8564
1345
1345
1345
1345
1345
1345
1345
1345
1345
1345
1345
1345
1345
1345
1345
1345
1345
1345
8564
3722
1345
513
8564
8564
198
204
8564
513
8564
8564
8564
4972
513
547
765
513
547
8564
8564
513
8564
8564
8564
216
8564
8564
8564
513
198
8564
8564
204
8564
8564
251
204
513
8564
8564
8564
513
8564
8564
513
8564
8564
513
8564
8564
8564
8564
8564
216
8564
198
8564
8564
204
8564
513
8564
198
8564
204
8564
198
8564
8564
8564
8564
204
8564
8564
8564
513
8564
8564
8564
8564
513
8564
8564
513
8564
8564
198
8564
8564
8564
8564
8564
8564
204
8564
8564
8564
8564
8564
8564
198
8564
8564
8564
204
513
8564
8564
547
198
810
547
198
8564
8564
8564
8564
204
513
8564
8564
513
8564
8564
198
8564
8564
204
513
8564
8564
8564
216
653
547
547
653
198
8564
8564
8564
8564
204
8564
198
513
8564
204
8564
8564
8564
513
8564
8564
513
8564
8564
513
8564
8564
8564
8564
858
198
8564
8564
8564
204
8564
8564
216
8564
8564
216
8564
513
8564
8564
513
8564
8564
8564
216
8564
513
8564
8564
513
8564
8564
8564
216
8564
8564
8564
513
513
198
8564
8564
8564
8564
8564
8564
204
8564
8564
513
513
198
8564
8564
8564
8564
204
8564
257
8564
1345
1345
8564
1345
8564
513
8564
8564
198
513
8564
8564
204
8564
513
8564
8564
8564
8564
198
8564
204
513
8564
8564
198
204
8564
8564
513
8564
8564
8564
8564
216
8564
8564
8564
1345
1345
1345
1345
1345
8564
513
8564
8564
513
8564
8564
198
8564
204
8564
8564
201
8564
612
8564
216
8564
198
8564
204
8564
8564
198
8564
8564
8564
204
8564
8564
824
513
670
8564
8564
198
8564
8564
8564
204
8564
257
8564
1345
1345
1345
1345
8564
1345
8564
1345
1345
1345
8564
198
8564
204
8564
8564
8564
8564
8564
675
858
564
513
670
8564
8564
724
234
8564
8564
8564
8564
204
293
8564
8564
216
8564
513
8564
8564
8564
647
564
670
8564
8564
724
234
8564
8564
204
675
858
8564
8564
8564
8564
216
8564
8564
8564
234
8564
612
8564
234
8564
204
8564
8564
8564
8564
216
8564
564
670
8564
8564
724
234
8564
8564
204
8564
513
8564
8564
675
858
8564
234
8564
8564
8564
204
8564
257
8564
1345
1345
8564
513
8564
8564
198
204
8564
8564
216
8564
257
8564
1345
1345
1345
1345
1345
1345
1345
1345
1345
8564
8564
1345
513
8564
8564
198
204
8564
513
8564
513
8564
513
8564
513
8564
8564
8564
216
8564
8564
8564
513
8564
8564
198
8564
204
8564
8564
8564
8564
216
8564
8564
8564
8564
198
8564
204
513
8564
8564
724
234
8564
8564
204
8564
8564
8564
8564
4846
198
8564
8564
204
513
8564
8564
8564
216
8564
513
513
198
8564
8564
8564
204
8564
513
198
8564
204
513
8564
8564
8564
216
8564
257
8564
513
8564
8564
198
8564
204
513
8564
8564
198
8564
204
513
8564
8564
513
8564
8564
653
547
198
8564
204
513
8564
8564
8564
8564
513
8564
675
8564
8564
216
481
8564
1345
1345
1345
8564
8564
513
8564
8564
513
8564
8564
251
8564
8564
204
8564
513
8564
675
8564
8564
8564
216
8564
198
8564
8564
204
8564
8564
216
8564
257
8564
1345
1345
1345
8564
8564
4783
765
756
8564
8564
204
8564
431
824
756
8564
8564
204
8564
257
8564
1345
8564
4783
824
257
8564
3722
1345
513
8564
8564
198
8564
8564
204
513
8564
8564
198
8564
204
513
8564
8564
513
8564
8564
653
547
198
8564
204
8564
8564
8564
8564
858
198
8564
204
4972
824
8564
216
8564
8564
8564
216
481
8564
1345
1345
1345
1345
1345
1345
1345
1345
1345
1345
1345
1345
1345
1345
1345
1345
1345
1345
8564
1345
8564
8564
1345
513
8564
8564
513
8564
8564
8564
513
8564
8564
8564
8564
4783
8564
198
204
8564
8564
8564
8564
234
8564
8564
8564
8564
204
675
4621
8564
8564
204
564
8564
513
8564
513
8564
513
8564
513
8564
8564
8564
216
8564
8564
513
8564
536
8564
8564
8564
8564
8564
8564
8564
412
8564
8564
8564
8564
204
8564
8564
513
8564
8564
8564
8564
8564
8564
216
8564
8564
8564
8564
824
513
8564
8564
765
513
8564
8564
513
8564
8564
513
8564
8564
8564
412
204
8564
8564
216
879
670
198
8564
8564
8564
8564
8564
8564
8564
204
198
8564
8564
8564
8564
204
8564
8564
8564
8564
198
8564
8564
8564
204
8564
513
8564
513
8564
513
8564
513
8564
8564
8564
8564
216
8564
8564
8564
8564
8564
8564
8564
513
8564
198
612
8564
8564
198
8564
8564
8564
8564
8564
204
8564
8564
198
198
424
8564
204
8564
8564
8564
8564
234
293
8564
204
1156
8564
8564
216
4637
8564
204
8564
8564
216
8564
198
612
257
8564
1345
1345
8564
8564
8564
4972
198
8564
204
8564
8564
216
8564
257
8564
1345
1345
1345
1345
1345
1345
1345
1345
1345
1345
1345
1345
1345
1345
1345
1345
1345
1345
3722
8564
8564
1345
513
8564
8564
513
8564
8564
198
8564
8564
8564
204
8564
8564
8564
201
198
204
204
513
8564
8564
234
8564
8564
8564
8564
8564
8564
8564
204
765
198
8564
8564
8564
204
8564
8564
201
8564
8564
8564
8564
8564
8564
8564
204
8564
8564
8564
8564
8564
8564
8564
204
8564
8564
8564
513
8564
8564
8564
8564
8564
8564
8564
8564
216
8564
8564
8564
8564
513
8564
8564
198
8564
8564
204
513
8564
513
8564
513
8564
513
8564
8564
8564
8564
513
8564
8564
216
8564
8564
198
8564
8564
204
198
204
824
216
8564
824
513
8564
8564
8564
513
8564
8564
771
8564
204
824
8564
216
8564
8564
198
412
424
8564
8564
8564
204
8564
8564
8564
8564
8564
216
8564
8564
8564
198
198
424
204
513
8564
8564
8564
216
198
8564
8564
204
8564
198
8564
8564
204
513
8564
8564
513
8564
8564
513
8564
8564
513
8564
8564
653
198
204
824
216
824
8564
8564
8564
8564
513
8564
8564
771
204
824
8564
216
8564
198
8564
204
8564
8564
198
8564
204
564
8564
858
198
513
8564
513
8564
8564
513
8564
513
8564
8564
8564
8564
216
8564
198
424
8564
204
8564
8564
513
8564
653
198
8564
8564
612
8564
8564
8564
653
8564
8564
198
8564
8564
8564
204
8564
257
8564
1345
1345
1345
8564
8564
8564
8564
513
8564
8564
8564
8564
513
8564
8564
4783
198
8564
204
8564
8564
234
513
8564
204
8564
8564
8564
198
204
824
216
824
8564
8564
513
8564
8564
8564
8564
8564
8564
8564
824
8564
8564
824
216
8564
513
8564
8564
8564
216
8564
8564
412
8564
204
8564
3634
8564
216
8564
257
8564
1345
1345
8564
8564
513
8564
8564
198
204
513
8564
8564
513
8564
8564
198
8564
8564
513
8564
8564
198
424
204
513
8564
8564
412
204
824
216
198
204
8564
8564
198
204
8564
8564
234
204
204
513
8564
8564
412
204
198
8564
8564
204
8564
204
8564
513
8564
8564
198
412
8564
8564
204
204
513
8564
8564
513
8564
8564
824
8564
8564
216
8564
216
824
216
824
257
8564
1345
8564
1345
3722
1345
3722
1345
1345
1345
3722
1345
1345
1345
1345
3722
1345
1345
1345
1345
1345
1345
1345
1345
1345
1345
1345
1345
1345
1345
1345
3722
3722
1345
1345
1345
1345
1345
1345
1345
3722
1345
8564
1345
8564
8564
1345
1345
1345
1345
1345
3722
1345
1345
1345
1345
1345
1345
3722
1345
8564
8564
8564
1345
3722
513
8564
8564
8564
8564
8564
760
8564
204
8564
8564
8564
8564
216
8564
513
8564
8564
513
8564
8564
198
8564
8564
204
513
8564
8564
547
198
8564
204
513
8564
8564
8564
8564
8564
8564
8564
8564
216
8564
8564
8564
8564
8564
8564
216
8564
8564
8564
8564
8564
8564
8564
8564
8564
8564
8564
8564
8564
8564
8564
216
8564
8564
8564
8564
8564
8564
513
8564
8564
724
234
8564
204
513
8564
8564
216
8564
513
513
8564
8564
8564
216
8564
513
8564
8564
8564
634
612
670
513
8564
8564
8564
8564
8564
8564
8564
8564
8564
216
8564
8564
8564
8564
8564
8564
8564
8564
8564
8564
8564
198
8564
8564
8564
8564
8564
8564
8564
204
8564
564
513
8564
8564
8564
8564
8564
8564
8564
513
8564
8564
1418
760
8564
8564
204
513
8564
8564
513
8564
8564
513
8564
8564
8564
8564
8564
8564
8564
8564
8564
8564
216
630
204
8564
8564
198
8564
8564
8564
8564
8564
204
513
8564
8564
513
8564
8564
513
8564
8564
8564
8564
8564
8564
8564
8564
8564
8564
216
8564
8564
8564
8564
513
8564
8564
513
8564
8564
8564
8564
513
8564
8564
198
8564
204
8564
8564
198
8564
204
8564
8564
513
8564
8564
513
8564
513
8564
8564
8564
216
8564
8564
8564
513
8564
8564
8564
198
8564
204
513
8564
8564
771
675
8564
204
250
771
8564
204
8564
8564
513
8564
216
8564
513
8564
8564
198
204
513
8564
8564
198
8564
8564
8564
8564
8564
204
513
8564
8564
198
8564
8564
204
8564
513
8564
8564
216
8564
8564
216
8564
8564
8564
700
8564
204
513
8564
8564
724
234
8564
8564
8564
204
8564
8564
8564
8564
8564
216
8564
198
204
8564
8564
198
204
8564
513
8564
198
513
8564
513
8564
513
8564
513
8564
472
8564
8564
216
8564
8564
513
8564
8564
513
8564
8564
653
198
8564
204
8564
8564
8564
760
8564
204
8564
765
949
8564
513
8564
8564
513
8564
513
8564
8564
513
8564
8564
204
8564
513
8564
216
8564
513
8564
8564
8564
8564
513
8564
8564
8564
216
8564
824
8564
216
8564
8564
8564
198
513
8564
204
513
8564
8564
8564
513
8564
8564
8564
198
204
8564
198
8564
204
8564
8564
8564
8564
513
8564
8564
8564
8564
216
670
564
8564
8564
293
8564
8564
8564
4972
513
8564
8564
8564
8564
4972
513
670
8564
8564
1418
760
8564
8564
204
513
8564
8564
513
8564
8564
513
8564
8564
8564
8564
8564
8564
8564
8564
8564
8564
216
630
204
513
8564
8564
513
8564
8564
513
8564
8564
8564
8564
8564
8564
8564
8564
8564
8564
216
8564
293
564
8564
8564
8564
8564
8564
8564
680
670
564
8564
8564
8564
8564
8564
765
8564
8564
216
8564
8564
513
8564
8564
513
670
8564
513
198
8564
8564
8564
204
670
670
771
8564
8564
8564
8564
216
8564
8564
8564
8564
513
8564
8564
8564
8564
513
8564
8564
198
8564
8564
8564
8564
8564
8564
204
8564
8564
8564
8564
8564
4783
198
8564
8564
204
8564
1011
513
8564
8564
412
8564
8564
8564
204
8564
204
250
251
8564
204
8564
8564
8564
700
8564
204
8564
8564
513
8564
216
8564
8564
513
8564
8564
8564
216
8564
8564
513
513
198
8564
8564
8564
8564
8564
8564
204
8564
8564
513
513
198
8564
8564
8564
8564
8564
204
8564
8564
8564
8564
8564
8564
8564
8564
8564
8564
216
824
513
8564
8564
198
8564
8564
204
257
8564
1345
1345
1345
1345
1345
1345
1345
1345
1345
1345
1345
1345
1345
1345
513
8564
8564
513
8564
8564
412
204
198
8564
8564
204
8564
513
8564
8564
198
8564
8564
204
198
8564
204
513
8564
8564
8564
216
8564
513
8564
8564
198
8564
8564
204
8564
513
8564
8564
513
8564
8564
496
8564
204
394
8564
8564
204
8564
8564
8564
216
8564
513
8564
8564
513
8564
8564
394
8564
8564
204
8564
8564
564
8564
431
8564
8564
513
8564
8564
412
8564
8564
8564
204
824
8564
216
513
8564
8564
513
8564
8564
412
8564
204
8564
8564
8564
8564
513
8564
8564
547
8564
8564
513
8564
8564
547
824
824
198
204
824
198
8564
8564
8564
204
8564
824
8564
8564
216
8564
8564
412
204
765
8564
216
198
8564
8564
204
8564
653
675
234
8564
204
198
198
424
204
8564
4846
8564
216
8564
198
8564
8564
204
513
8564
8564
513
8564
8564
251
472
8564
216
675
858
234
8564
8564
204
198
8564
204
8564
8564
647
8564
216
675
8564
858
234
8564
198
424
8564
204
8564
647
8564
216
8564
8564
8564
8564
564
670
8564
8564
564
670
8564
8564
765
198
8564
8564
204
598
8564
216
824
257
8564
257
8564
1345
3722
1345
1345
1345
198
204
513
8564
8564
724
234
8564
204
513
8564
8564
8564
216
8564
8564
8564
216
8564
198
204
8564
8564
513
8564
8564
8564
8564
8564
198
204
8564
8564
8564
8564
8564
216
198
204
8564
8564
293
8564
201
8564
8564
204
657
201
8564
8564
204
8564
8564
513
8564
8564
8564
8564
8564
216
8564
8564
216
8564
8564
198
8564
204
204
513
8564
8564
724
234
8564
8564
204
4739
232
8564
257
8564
1345
1345
8564
1345
1345
1345
1345
1345
1345
1345
1345
1345
1345
1345
1345
1345
1345
1345
1345
1345
1345
1345
1345
1345
1345
1345
1345
1345
3722
1345
1345
1345
3722
1345
1345
1345
1345
1345
1345
1345
1345
1345
1345
1345
3722
1345
1345
1345
1345
1345
1345
1345
1345
1345
1345
1345
1345
1345
1345
1345
1345
1345
1345
1345
1345
1345
3722
1345
1345
1345
1345
1345
1345
1345
1345
1345
1345
1345
1345
1345
1345
1345
1345
1345
8564
1345
1345
1345
1345
1345
1345
1345
1345
8564
1345
1345
1345
8564
8564
3722
3722
3722
1345
8564
8564
8564
3722
3722
1345
1345
198
204
8564
8564
8564
8564
198
8564
204
8564
306
8564
201
8564
204
8564
8564
234
204
513
8564
216
513
8564
513
8564
513
8564
513
8564
513
8564
513
8564
513
8564
513
8564
513
8564
216
8564
8564
8564
8564
8564
8564
647
564
670
8564
8564
4689
687
8564
8564
8564
8564
204
8564
8564
513
8564
8564
647
564
670
8564
8564
4689
687
8564
8564
8564
8564
204
8564
8564
8564
4689
687
204
8564
8564
216
8564
8564
8564
647
564
670
8564
8564
724
234
204
513
8564
216
234
234
424
8564
8564
204
765
8564
8564
513
8564
216
8564
8564
8564
647
564
670
8564
8564
724
234
513
8564
204
1347
234
8564
8564
8564
8564
204
8564
513
8564
8564
647
564
670
8564
8564
724
234
8564
8564
8564
8564
204
234
8564
8564
8564
8564
8564
204
513
8564
8564
234
8564
8564
8564
8564
8564
204
513
8564
8564
234
8564
8564
8564
8564
8564
204
513
513
8564
8564
8564
8564
8564
8564
216
8564
8564
724
234
8564
8564
8564
8564
204
8564
8564
8564
216
8564
513
8564
8564
647
564
670
8564
8564
724
234
8564
8564
204
724
234
8564
8564
8564
8564
204
513
8564
216
8564
8564
8564
647
564
670
8564
8564
724
234
513
8564
8564
8564
8564
8564
204
8564
8564
8564
8564
8564
8564
8564
8564
216
8564
8564
8564
8564
4972
8564
8564
412
8564
204
8564
8564
8564
8564
8564
8564
8564
198
8564
204
198
204
513
8564
8564
198
8564
8564
8564
204
756
8564
8564
8564
204
8564
8564
8564
8564
8564
253
8564
8564
8564
8564
8564
8564
8564
8564
8564
8564
8564
8564
8564
8564
8564
8564
198
8564
8564
8564
8564
204
513
8564
8564
670
8564
8564
8564
216
513
8564
8564
198
8564
8564
8564
8564
8564
204
8564
8564
8564
8564
8564
513
8564
8564
8564
8564
8564
8564
8564
8564
8564
8564
8564
8564
8564
8564
216
8564
8564
8564
234
612
670
8564
8564
216
234
204
8564
8564
8564
513
8564
8564
8564
8564
8564
8564
8564
8564
8564
8564
8564
8564
8564
8564
216
8564
8564
8564
216
8564
8564
8564
8564
234
8564
8564
8564
8564
204
8564
8564
8564
8564
8564
216
8564
8564
513
8564
8564
198
8564
8564
204
513
8564
8564
198
8564
204
670
8564
8564
394
8564
204
8564
513
8564
8564
513
8564
8564
513
8564
8564
513
8564
8564
513
8564
8564
8564
8564
8564
8564
8564
513
8564
8564
513
8564
8564
513
8564
8564
513
8564
8564
8564
8564
216
8564
513
8564
8564
198
8564
8564
8564
204
8564
8564
8564
8564
216
8564
8564
513
8564
8564
8564
513
8564
8564
513
8564
8564
513
8564
8564
198
8564
204
8564
8564
216
547
198
8564
8564
8564
8564
204
824
8564
824
824
513
8564
8564
198
8564
8564
8564
8564
204
8564
8564
513
8564
216
8564
564
670
8564
8564
513
412
8564
8564
204
8564
8564
8564
8564
8564
8564
8564
8564
8564
216
564
8564
8564
8564
8564
8564
858
198
8564
8564
8564
8564
8564
8564
204
824
513
547
765
513
547
8564
8564
8564
513
8564
513
8564
513
8564
513
8564
513
8564
513
8564
513
8564
513
8564
513
8564
8564
513
8564
8564
8564
8564
216
8564
8564
8564
8564
8564
8564
8564
8564
8564
8564
8564
8564
8564
8564
8564
8564
8564
8564
8564
8564
8564
8564
8564
8564
8564
8564
8564
8564
8564
8564
8564
547
198
204
8564
198
8564
8564
204
8564
8564
8564
8564
8564
8564
824
8564
8564
216
824
564
8564
253
8564
8564
216
8564
8564
8564
8564
8564
8564
8564
8564
8564
8564
8564
8564
8564
824
198
8564
8564
8564
8564
8564
8564
8564
8564
8564
8564
204
8564
8564
8564
8564
8564
8564
547
198
8564
8564
8564
8564
204
513
8564
8564
513
8564
8564
513
8564
8564
513
8564
8564
8564
653
8564
8564
8564
216
8564
8564
8564
8564
547
198
8564
8564
204
513
8564
8564
513
8564
8564
513
8564
8564
513
8564
8564
513
8564
8564
8564
8564
513
8564
8564
513
8564
8564
513
8564
8564
513
8564
8564
8564
8564
8564
216
8564
8564
547
198
8564
8564
8564
204
8564
513
8564
8564
198
8564
8564
8564
204
198
8564
204
824
8564
216
8564
318
8564
8564
8564
8564
198
8564
8564
8564
204
513
8564
513
8564
513
8564
513
8564
513
8564
4635
8564
513
8564
8564
8564
8564
8564
216
8564
8564
8564
8564
8564
318
8564
513
8564
8564
8564
8564
8564
8564
8564
8564
8564
8564
8564
513
8564
8564
547
198
8564
8564
8564
204
513
8564
8564
198
8564
8564
8564
8564
204
8564
8564
8564
8564
198
204
513
8564
8564
724
234
8564
8564
204
513
513
198
8564
8564
8564
8564
204
8564
8564
8564
8564
8564
8564
8564
8564
8564
8564
513
8564
8564
198
8564
8564
8564
204
8564
634
513
8564
8564
8564
8564
8564
8564
216
8564
8564
8564
8564
8564
8564
4783
198
8564
8564
8564
8564
204
8564
1011
513
8564
8564
412
8564
8564
8564
8564
8564
204
513
8564
8564
724
234
8564
8564
8564
8564
204
824
824
824
8564
201
8564
204
8564
8564
8564
8564
8564
8564
8564
8564
8564
216
8564
198
599
8564
8564
8564
216
8564
8564
8564
8564
513
8564
8564
8564
8564
8564
216
8564
8564
8564
8564
513
513
198
8564
8564
8564
8564
8564
8564
8564
8564
204
8564
8564
8564
8564
724
234
204
8564
8564
8564
8564
8564
8564
8564
8564
8564
513
8564
8564
198
8564
8564
8564
8564
8564
204
8564
8564
8564
8564
198
204
8564
8564
234
204
513
8564
8564
724
234
8564
204
824
8564
724
234
204
8564
8564
8564
8564
8564
8564
8564
216
824
216
513
513
198
8564
8564
8564
8564
8564
204
8564
8564
8564
8564
8564
8564
8564
8564
513
8564
8564
198
8564
8564
8564
8564
8564
8564
8564
204
8564
8564
8564
8564
8564
8564
8564
8564
8564
8564
198
8564
8564
8564
204
8564
8564
8564
8564
8564
198
8564
204
513
8564
8564
724
234
8564
8564
204
824
8564
8564
8564
8564
8564
8564
8564
8564
8564
8564
8564
216
8564
513
513
198
8564
8564
8564
8564
8564
8564
8564
204
8564
8564
198
8564
8564
8564
204
824
8564
8564
8564
8564
216
8564
8564
8564
8564
8564
8564
8564
8564
8564
8564
8564
8564
8564
513
8564
8564
513
198
8564
8564
8564
8564
204
198
8564
198
424
8564
8564
8564
204
8564
8564
8564
513
8564
8564
8564
8564
8564
198
8564
8564
8564
204
8564
8564
234
8564
8564
204
824
824
824
8564
8564
216
8564
8564
8564
412
8564
8564
8564
204
8564
8564
8564
8564
8564
216
8564
8564
547
198
8564
8564
204
8564
513
8564
8564
513
8564
8564
513
8564
8564
513
8564
8564
8564
653
8564
8564
216
547
198
8564
8564
424
204
513
8564
8564
216
8564
8564
198
8564
204
824
8564
216
8564
513
8564
8564
513
8564
8564
8564
8564
513
8564
8564
513
8564
8564
513
8564
8564
8564
8564
8564
8564
8564
8564
8564
216
8564
8564
201
204
824
216
8564
8564
8564
216
8564
257
8564
1345
293
8564
8564
257
8564
1345
1345
1345
1345
198
204
513
8564
8564
547
198
8564
198
424
8564
204
564
547
653
513
8564
8564
8564
8564
8564
724
234
8564
8564
8564
8564
204
8564
547
634
8564
204
8564
8564
216
8564
547
634
8564
8564
8564
204
8564
4739
232
198
204
8564
8564
8564
8564
216
8564
257
8564
1345
1345
1345
198
204
513
8564
8564
724
234
8564
204
513
8564
8564
8564
216
8564
8564
8564
216
8564
198
204
8564
8564
513
8564
8564
8564
8564
8564
8564
8564
8564
8564
8564
8564
8564
8564
216
8564
257
8564
1345
1345
8564
8564
198
8564
204
513
8564
8564
513
8564
8564
513
8564
8564
513
8564
8564
513
8564
8564
513
8564
8564
513
8564
8564
513
8564
8564
8564
8564
216
8564
257
8564
1345
1345
1345
1345
1345
1345
8564
8564
1345
513
8564
8564
198
8564
204
513
8564
8564
198
204
513
8564
8564
513
8564
216
8564
513
8564
8564
513
8564
513
8564
8564
216
8564
8564
513
8564
4783
198
8564
513
8564
8564
204
564
513
8564
8564
670
8564
670
8564
8564
8564
216
8564
198
8564
204
8564
8564
198
8564
204
513
8564
8564
216
8564
513
824
8564
513
8564
8564
8564
198
8564
8564
204
8564
257
8564
1345
1345
1345
198
204
425
204
198
204
198
8564
8564
8564
204
198
8564
8564
8564
204
8564
513
8564
8564
8564
8564
216
8564
4783
513
8564
8564
8564
513
8564
8564
858
198
8564
8564
204
513
8564
8564
8564
8564
8564
216
198
8564
8564
8564
4972
513
8564
756
8564
204
8564
513
8564
216
8564
8564
8564
513
8564
756
8564
204
8564
257
8564
1345
1345
1345
1345
1345
1345
1345
1345
1345
1345
1345
1345
1345
1345
8564
1345
8564
513
8564
8564
198
8564
204
513
8564
4783
198
204
513
8564
8564
513
8564
513
8564
513
8564
513
8564
216
513
8564
8564
198
8564
8564
204
513
8564
8564
8564
216
8564
8564
8564
513
8564
513
8564
8564
513
8564
8564
513
8564
8564
513
8564
8564
513
8564
513
8564
8564
513
8564
198
513
8564
8564
8564
8564
204
8564
8564
513
8564
8564
724
234
810
513
8564
8564
547
198
204
513
8564
4783
198
8564
8564
204
8564
4783
198
204
8564
513
8564
8564
513
8564
675
8564
8564
513
8564
8564
198
204
8564
513
8564
8564
8564
8564
8564
8564
234
204
8564
513
8564
8564
8564
216
8564
8564
8564
216
8564
8564
198
204
8564
513
8564
8564
8564
8564
198
204
8564
8564
8564
8564
216
8564
8564
8564
8564
8564
8564
4846
198
8564
204
765
756
8564
204
513
8564
8564
198
8564
8564
204
8564
513
8564
8564
198
8564
8564
8564
204
8564
858
536
8564
216
8564
513
8564
8564
513
8564
8564
513
8564
8564
198
8564
8564
204
513
8564
8564
8564
216
8564
858
513
8564
8564
765
949
564
513
653
513
8564
8564
513
8564
8564
8564
216
8564
564
670
8564
8564
198
513
8564
204
513
8564
8564
564
670
8564
8564
216
513
8564
8564
216
8564
198
8564
204
8564
8564
198
8564
204
8564
513
8564
513
8564
8564
8564
216
8564
8564
513
8564
8564
8564
564
670
8564
8564
198
8564
8564
8564
204
8564
257
8564
1345
198
8564
8564
204
8564
198
204
8564
201
204
513
8564
8564
8564
8564
216
8564
8564
513
8564
8564
8564
8564
8564
216
513
8564
8564
724
234
8564
8564
204
527
232
8564
257
8564
1345
1345
1345
1345
1345
1345
1345
1345
1345
1345
1345
1345
1345
1345
1345
1345
1345
1345
1345
1345
1345
1345
1345
1345
8564
1345
1345
1345
1345
1345
3722
1345
1345
1345
1345
3722
1345
3722
1345
1345
3722
1345
1345
3722
1345
1345
1345
1345
3722
1345
1345
1345
1345
1345
1345
1345
1345
1345
8564
8564
1345
1345
1345
3722
8564
8564
1345
1345
8564
1345
3722
1345
1345
1345
8564
1345
1345
858
198
8564
204
8564
198
8564
204
8564
8564
8564
216
8564
198
8564
204
8564
8564
4783
8564
216
547
198
8564
8564
8564
204
8564
8564
293
8564
8564
8564
8564
204
8564
8564
8564
8564
8564
216
8564
8564
201
8564
8564
8564
204
513
8564
216
8564
198
513
8564
8564
204
8564
8564
8564
513
8564
216
8564
8564
8564
8564
8564
8564
216
8564
8564
293
8564
8564
204
824
216
8564
547
198
8564
472
513
8564
8564
8564
760
8564
8564
204
8564
513
513
8564
293
8564
8564
8564
8564
8564
8564
8564
547
198
204
513
8564
8564
8564
216
8564
204
513
8564
8564
8564
216
8564
8564
8564
8564
8564
8564
8564
204
8564
513
8564
8564
513
8564
8564
513
8564
8564
8564
8564
8564
8564
8564
216
8564
293
8564
8564
8564
8564
8564
8564
8564
8564
8564
771
8564
204
513
8564
8564
8564
8564
216
8564
8564
409
8564
513
8564
8564
198
204
513
8564
8564
513
8564
8564
564
670
8564
8564
513
8564
8564
216
8564
8564
198
8564
204
513
8564
8564
513
8564
8564
198
204
8564
8564
198
204
513
8564
8564
513
8564
8564
8564
8564
216
513
8564
8564
251
8564
8564
8564
204
634
198
8564
8564
8564
204
547
198
858
198
204
513
513
8564
8564
216
8564
8564
198
8564
8564
204
612
8564
4783
8564
8564
8564
216
8564
8564
8564
8564
8564
8564
216
8564
8564
8564
547
198
513
8564
8564
513
8564
513
8564
513
8564
513
8564
513
8564
513
8564
513
8564
4635
8564
8564
216
8564
8564
201
8564
216
8564
8564
634
496
8564
757
198
8564
424
8564
8564
8564
8564
204
8564
8564
8564
8564
8564
8564
8564
8564
204
8564
8564
216
8564
8564
216
8564
8564
8564
198
8564
204
756
8564
8564
8564
8564
204
8564
8564
8564
564
670
8564
8564
8564
8564
198
8564
810
8564
8564
8564
8564
8564
216
198
8564
198
8564
204
8564
8564
953
424
8564
8564
204
8564
8564
513
8564
564
670
8564
8564
8564
8564
8564
8564
8564
8564
8564
216
8564
8564
8564
8564
8564
8564
8564
216
8564
8564
8564
8564
8564
8564
513
8564
8564
8564
8564
204
8564
8564
8564
8564
8564
513
8564
4783
198
8564
8564
8564
204
8564
8564
513
8564
4783
8564
8564
216
8564
513
251
198
8564
204
8564
8564
8564
216
198
8564
204
8564
198
8564
204
8564
8564
216
8564
8564
216
8564
496
8564
204
879
670
513
8564
8564
670
8564
8564
216
8564
8564
8564
216
8564
8564
949
198
8564
8564
8564
204
8564
8564
8564
8564
8564
8564
8564
201
424
8564
8564
8564
204
8564
8564
8564
8564
8564
8564
8564
513
8564
8564
8564
8564
8564
8564
8564
8564
8564
8564
8564
216
513
251
8564
8564
8564
8564
204
8564
513
8564
8564
771
8564
204
8564
8564
216
8564
564
8564
8564
216
8564
198
8564
204
8564
201
8564
8564
204
8564
513
8564
8564
412
8564
8564
204
8564
8564
8564
198
8564
204
513
513
8564
8564
412
8564
204
8564
8564
216
8564
8564
8564
8564
8564
8564
513
8564
8564
8564
8564
8564
8564
198
8564
8564
8564
8564
8564
8564
8564
8564
216
8564
8564
8564
204
198
8564
8564
204
8564
513
547
198
8564
8564
8564
204
8564
8564
8564
8564
216
8564
412
8564
204
8564
8564
8564
204
8564
8564
409
8564
513
8564
8564
198
8564
8564
204
8564
8564
8564
216
8564
513
251
8564
8564
8564
8564
204
8564
513
251
8564
8564
8564
204
8564
409
8564
8564
8564
513
251
8564
8564
8564
204
8564
198
760
204
8564
8564
204
8564
8564
8564
8564
216
760
204
8564
513
8564
216
8564
8564
8564
424
8564
204
8564
8564
8564
8564
8564
8564
513
8564
8564
8564
8564
8564
8564
8564
8564
8564
8564
8564
8564
216
8564
8564
8564
8564
8564
8564
8564
8564
8564
216
8564
8564
204
8564
513
8564
8564
251
8564
8564
204
8564
8564
8564
204
8564
251
8564
8564
8564
204
8564
8564
8564
409
8564
8564
8564
513
251
8564
8564
8564
204
8564
198
8564
599
8564
8564
216
513
8564
8564
216
8564
8564
251
8564
204
8564
8564
8564
513
251
8564
204
198
8564
599
8564
8564
8564
216
8564
198
8564
8564
204
760
8564
8564
8564
204
8564
257
8564
1345
1345
198
8564
204
513
8564
8564
513
8564
8564
513
8564
8564
771
8564
8564
204
8564
513
8564
8564
412
8564
204
513
8564
8564
8564
216
513
771
8564
8564
204
8564
257
8564
8564
8564
8564
257
8564
1345
513
8564
8564
547
198
8564
8564
204
513
8564
8564
513
630
8564
204
8564
8564
8564
564
670
8564
8564
8564
8564
4108
8564
216
8564
257
8564
1345
513
8564
8564
198
8564
8564
204
8564
8564
198
8564
8564
204
513
8564
8564
198
8564
8564
204
513
8564
8564
198
612
8564
216
8564
257
8564
8564
8564
8564
257
8564
8564
8564
8564
8564
8564
257
8564
8564
257
8564
675
8564
257
8564
8564
8564
4783
198
204
8564
8564
234
204
8564
198
204
8564
8564
198
204
4783
8564
8564
8564
216
8564
8564
216
8564
8564
4783
198
204
8564
4739
232
481
8564
4783
198
8564
204
824
232
257
8564
1345
1345
8564
8564
234
612
4783
765
771
8564
8564
204
8564
513
670
8564
8564
234
8564
8564
204
771
8564
8564
204
8564
257
8564
1345
4783
198
612
513
670
8564
8564
760
204
8564
293
8564
8564
8564
204
8564
8564
216
8564
670
8564
8564
216
257
8564
1345
1345
1345
1345
1345
8564
1345
8564
216
8564
8564
8564
234
8564
513
8564
8564
8564
8564
8564
204
8564
8564
8564
8564
8564
1347
8564
675
234
810
599
8564
8564
216
8564
8564
513
8564
8564
8564
8564
8564
8564
216
257
8564
1345
1345
8564
4972
630
8564
8564
204
8564
513
670
8564
8564
234
8564
8564
204
630
8564
8564
204
8564
257
8564
4783
8564
8564
234
810
4783
670
8564
8564
234
8564
8564
612
547
653
257
8564
1345
1345
1345
1345
1345
1345
198
8564
204
8564
513
8564
513
8564
513
8564
513
8564
8564
8564
8564
216
8564
8564
8564
8564
8564
8564
8564
8564
8564
198
8564
204
198
8564
204
8564
8564
8564
216
670
670
765
198
8564
8564
8564
8564
8564
204
8564
257
8564
4774
564
653
749
257
8564
412
612
547
653
257
8564
8564
1345
8564
8564
8564
8564
8564
8564
513
8564
8564
8564
204
8564
8564
513
8564
8564
8564
8564
8564
8564
8564
8564
204
8564
8564
8564
8564
8564
204
8564
513
8564
8564
8564
8564
8564
8564
8564
8564
8564
8564
204
8564
8564
8564
204
8564
8564
8564
216
8564
8564
8564
8564
424
204
8564
8564
8564
8564
8564
8564
8564
8564
8564
8564
8564
204
8564
8564
8564
513
8564
8564
8564
8564
8564
8564
8564
204
8564
8564
8564
8564
8564
8564
8564
204
8564
8564
8564
8564
204
8564
8564
8564
204
8564
8564
8564
216
8564
8564
8564
8564
424
204
8564
8564
8564
8564
216
8564
8564
8564
8564
216
8564
8564
8564
8564
216
8564
8564
8564
8564
8564
216
8564
8564
8564
8564
8564
8564
216
8564
8564
8564
216
8564
481
547
253
257
8564
1345
1345
8564
1345
1345
8564
1345
1345
8564
8564
513
8564
8564
234
8564
204
8564
513
8564
8564
8564
8564
8564
8564
8564
424
8564
204
8564
194
8564
216
8564
630
8564
253
599
198
8564
204
8564
858
631
198
8564
8564
8564
8564
204
8564
8564
204
513
198
8564
204
8564
8564
564
513
670
513
749
771
198
8564
8564
8564
8564
204
8564
204
630
8564
204
8564
216
8564
257
8564
1345
8564
513
8564
8564
771
204
231
232
564
257
8564
1345
1345
1345
1345
8564
8564
1345
1345
8564
8564
1345
8564
8564
8564
1345
824
8564
8564
8564
8564
198
8564
8564
204
412
204
675
234
204
513
8564
8564
198
8564
204
8564
513
8564
513
8564
513
8564
513
8564
8564
8564
216
675
234
8564
204
513
8564
8564
198
204
8564
8564
513
8564
8564
8564
8564
8564
8564
8564
8564
216
8564
8564
216
8564
675
234
8564
8564
204
8564
8564
8564
8564
8564
216
513
8564
8564
198
8564
8564
8564
204
8564
8564
8564
8564
412
8564
8564
8564
8564
204
8564
675
234
8564
204
8564
8564
513
8564
8564
8564
8564
8564
8564
8564
216
8564
8564
8564
8564
8564
513
8564
8564
8564
8564
8564
216
8564
257
8564
1345
1345
1345
1345
8564
1345
1345
1345
8564
8564
8564
1345
513
8564
8564
771
8564
204
8564
513
8564
675
513
8564
513
8564
234
8564
513
8564
216
8564
8564
8564
198
204
513
8564
8564
198
8564
8564
204
8564
8564
8564
824
513
8564
8564
8564
8564
198
204
513
8564
8564
8564
8564
216
8564
8564
8564
513
8564
8564
8564
8564
216
198
8564
204
8564
8564
216
8564
8564
204
824
8564
8564
198
204
8564
198
204
513
8564
8564
8564
8564
8564
216
8564
8564
760
204
8564
513
8564
8564
8564
216
8564
8564
8564
8564
513
8564
8564
8564
8564
216
8564
8564
513
8564
216
8564
8564
513
8564
216
513
8564
771
8564
8564
204
858
8564
8564
216
8564
8564
547
653
257
8564
513
8564
8564
257
8564
513
8564
8564
257
8564
513
8564
8564
257
8564
1345
1345
1345
1345
1345
1345
8564
8564
513
8564
8564
771
8564
8564
8564
204
8564
8564
8564
8564
198
8564
8564
8564
204
8564
8564
513
8564
8564
198
513
8564
8564
204
251
810
8564
216
8564
513
771
8564
8564
8564
204
8564
257
8564
1345
1345
1345
1345
1345
1345
1345
1345
1345
1345
8564
8564
513
8564
8564
771
8564
8564
8564
8564
8564
204
8564
8564
8564
8564
8564
198
8564
8564
8564
8564
204
8564
8564
513
513
8564
8564
198
8564
8564
204
513
8564
8564
216
8564
8564
513
771
8564
8564
8564
8564
8564
204
8564
513
8564
8564
412
8564
8564
204
8564
513
8564
8564
412
612
8564
216
8564
257
8564
513
8564
8564
513
8564
8564
4783
513
8564
8564
8564
8564
8564
8564
8564
8564
8564
8564
8564
8564
257
8564
1345
1345
1345
1345
824
8564
8564
198
8564
204
8564
8564
513
8564
513
8564
513
8564
513
8564
412
8564
8564
8564
8564
204
8564
8564
8564
8564
8564
8564
675
234
8564
204
8564
8564
8564
216
513
8564
8564
198
8564
8564
204
8564
8564
412
8564
8564
8564
8564
204
8564
257
8564
1345
1345
513
8564
8564
198
8564
204
8564
8564
513
8564
8564
771
8564
204
513
771
8564
204
231
232
8564
8564
8564
198
8564
8564
204
8564
257
8564
1345
1345
1345
824
8564
216
8564
8564
8564
513
8564
8564
412
8564
198
204
204
8564
8564
8564
216
8564
8564
204
513
8564
8564
8564
216
8564
513
771
8564
204
8564
8564
198
8564
8564
204
8564
257
8564
1345
1345
1345
1345
1345
1345
1345
1345
8564
8564
513
8564
8564
771
8564
204
513
8564
8564
8564
216
8564
8564
8564
8564
8564
198
8564
8564
8564
8564
204
8564
251
8564
204
8564
8564
8564
513
564
670
8564
8564
513
8564
8564
198
8564
8564
8564
204
8564
8564
8564
216
8564
8564
513
771
8564
8564
8564
8564
204
8564
257
8564
1345
1345
1345
1345
1345
1345
1345
1345
1345
8564
8564
513
8564
8564
771
8564
204
8564
513
8564
513
8564
513
8564
513
8564
675
234
8564
8564
8564
216
8564
8564
8564
8564
8564
198
8564
8564
8564
8564
204
8564
8564
8564
8564
8564
8564
8564
8564
8564
204
513
8564
8564
513
198
8564
8564
8564
204
8564
8564
8564
216
8564
8564
513
771
8564
8564
8564
8564
204
8564
257
8564
1345
1345
1345
8564
8564
8564
234
8564
8564
8564
8564
204
8564
8564
8564
647
564
513
670
749
8564
8564
234
8564
8564
8564
8564
204
8564
257
8564
1345
8564
8564
8564
257
8564
1345
8564
8564
760
8564
204
198
8564
8564
513
8564
8564
824
675
234
204
824
513
8564
8564
198
204
8564
8564
8564
760
204
198
8564
599
198
8564
599
513
8564
8564
513
8564
8564
564
670
513
8564
8564
513
8564
8564
513
8564
8564
513
8564
8564
513
8564
8564
8564
216
3635
8564
216
8564
257
8564
1345
1345
1345
8564
1345
1345
8564
1345
1345
1345
1345
8564
8564
513
8564
8564
771
204
8564
513
8564
513
8564
513
8564
8564
8564
216
8564
8564
8564
8564
8564
198
8564
8564
204
513
8564
8564
8564
198
198
8564
8564
8564
8564
204
8564
8564
8564
204
8564
8564
216
513
8564
8564
8564
8564
8564
8564
8564
198
198
8564
8564
8564
8564
204
8564
8564
204
8564
8564
216
8564
8564
8564
8564
8564
216
8564
8564
513
771
8564
8564
8564
8564
204
8564
513
8564
8564
513
8564
8564
257
8564
1345
1345
1345
1345
1345
1345
1345
1345
1345
1345
8564
513
8564
8564
198
8564
204
8564
8564
513
8564
8564
771
513
8564
8564
8564
204
513
8564
8564
198
204
8564
8564
513
8564
8564
771
204
513
8564
8564
8564
216
8564
8564
8564
8564
198
8564
8564
204
8564
513
8564
8564
198
8564
8564
204
8564
8564
216
8564
513
771
8564
8564
204
8564
8564
8564
8564
513
8564
8564
198
8564
8564
204
8564
8564
216
8564
513
771
8564
8564
204
8564
8564
513
8564
8564
198
8564
8564
204
8564
513
8564
8564
8564
8564
198
8564
204
513
8564
8564
198
8564
204
8564
513
8564
8564
8564
8564
198
8564
204
8564
8564
8564
3634
8564
8564
1345
824
198
8564
8564
204
513
8564
8564
412
8564
204
8564
760
8564
204
513
8564
8564
824
675
234
204
8564
564
670
8564
8564
8564
3634
8564
513
8564
8564
8564
513
8564
8564
8564
8564
216
8564
824
675
234
8564
204
231
232
824
675
234
204
3635
8564
216
8564
257
8564
8564
1345
1345
1345
8564
8564
8564
8564
8564
8564
8564
198
8564
204
231
232
8564
198
204
760
8564
204
8564
8564
216
513
8564
8564
513
8564
8564
513
8564
8564
8564
8564
8564
8564
8564
8564
8564
513
8564
8564
8564
8564
8564
8564
8564
8564
8564
8564
8564
8564
8564
8564
204
8564
8564
8564
204
8564
8564
8564
216
8564
8564
8564
8564
424
204
824
8564
8564
8564
513
8564
8564
8564
8564
8564
8564
8564
8564
8564
8564
8564
8564
8564
8564
8564
8564
8564
8564
8564
8564
8564
8564
8564
8564
8564
204
8564
8564
8564
204
8564
8564
8564
216
8564
8564
8564
8564
424
204
513
8564
8564
234
8564
513
8564
8564
8564
8564
8564
8564
8564
204
8564
8564
8564
216
8564
216
8564
8564
8564
8564
8564
8564
8564
8564
8564
8564
8564
204
8564
8564
216
8564
194
8564
675
234
8564
204
8564
198
8564
204
8564
8564
8564
8564
216
8564
8564
198
204
513
8564
8564
198
204
513
8564
8564
8564
8564
8564
216
8564
760
8564
204
8564
513
8564
8564
8564
216
8564
8564
513
8564
8564
8564
8564
8564
8564
513
8564
8564
513
8564
8564
216
8564
513
8564
8564
513
8564
8564
513
8564
8564
216
8564
257
8564
1345
8564
198
204
198
8564
8564
810
257
481
8564
8564
1345
1345
8564
8564
8564
8564
8564
8564
8564
8564
8564
198
204
513
8564
8564
513
8564
8564
8564
198
8564
204
513
8564
8564
513
8564
8564
513
252
8564
8564
8564
8564
8564
513
8564
8564
252
8564
8564
8564
8564
8564
8564
8564
8564
8564
8564
8564
8564
8564
8564
8564
204
8564
8564
8564
204
8564
8564
8564
216
8564
8564
8564
8564
424
204
824
8564
8564
252
8564
8564
8564
8564
252
8564
8564
8564
8564
8564
8564
8564
8564
8564
8564
8564
8564
8564
8564
8564
8564
8564
204
8564
8564
8564
204
8564
8564
8564
216
8564
8564
8564
8564
424
204
513
8564
8564
234
8564
513
8564
8564
8564
8564
8564
8564
8564
204
513
8564
8564
8564
8564
8564
8564
8564
216
8564
8564
1137
505
8564
194
8564
675
234
8564
204
513
8564
8564
198
204
8564
513
8564
8564
216
8564
513
8564
8564
8564
8564
198
8564
204
8564
216
8564
8564
216
257
8564
1345
1345
1345
1345
8564
513
8564
8564
513
8564
513
8564
513
8564
513
8564
8564
8564
8564
216
8564
8564
8564
8564
513
8564
8564
8564
8564
675
1156
8564
8564
8564
8564
8564
8564
8564
631
612
670
879
601
634
424
634
8564
8564
8564
204
257
8564
1345
1345
198
8564
204
8564
8564
231
232
8564
8564
8564
201
8564
8564
204
513
765
756
8564
8564
204
513
8564
8564
198
8564
8564
8564
204
8564
8564
198
8564
8564
8564
204
513
8564
8564
8564
216
8564
8564
8564
8564
257
8564
1345
8564
8564
8564
8564
198
8564
204
231
232
8564
257
8564
1345
1345
8564
8564
564
8564
4783
675
234
675
675
700
724
700
8564
8564
8564
204
564
8564
4783
513
8564
8564
675
234
675
700
724
700
8564
8564
8564
204
564
8564
4783
513
8564
8564
675
234
675
204
724
700
8564
8564
204
700
8564
8564
204
564
8564
4783
675
234
8564
8564
204
675
513
8564
8564
700
8564
8564
204
564
8564
4783
675
234
8564
8564
204
675
513
8564
8564
700
8564
8564
204
564
8564
4783
513
8564
8564
675
234
675
700
724
700
8564
8564
8564
204
234
8564
204
564
8564
4783
513
8564
8564
675
234
675
700
724
700
8564
8564
8564
204
234
8564
204
8564
513
8564
8564
675
234
234
724
234
8564
612
8564
216
8564
257
8564
1345
1345
8564
8564
8564
8564
8564
412
8564
8564
204
824
8564
198
204
8564
234
8564
8564
216
8564
198
204
8564
234
8564
8564
216
198
8564
8564
8564
216
8564
257
8564
1345
1345
1345
1345
8564
1345
1345
1345
1345
1345
1345
1345
1345
1345
1345
1345
1345
1345
1345
1345
1345
1345
1345
1345
1345
1345
1345
1345
1345
1345
1345
1345
1345
1345
8564
1345
1345
8564
1345
1345
1345
8564
1345
1345
1345
8564
1345
1345
1345
8564
1345
1345
1345
1345
8564
1345
8564
1345
1345
8564
1345
1345
1345
8564
1345
1345
1345
1345
1345
1345
1345
1345
1345
8564
8564
1345
1345
1345
8564
8564
1345
1345
8564
1345
1345
1345
1345
1345
1345
1345
1345
8564
8564
8564
1345
1345
1345
8564
513
8564
198
8564
513
8564
513
8564
513
8564
513
8564
293
8564
8564
513
8564
8564
8564
8564
8564
8564
216
8564
8564
8564
8564
8564
8564
824
547
8564
8564
8564
8564
8564
8564
8564
8564
8564
8564
8564
8564
8564
8564
8564
4950
198
8564
8564
8564
8564
8564
204
8564
8564
8564
8564
8564
8564
8564
8564
204
8564
8564
8564
8564
8564
8564
8564
8564
8564
216
824
824
8564
8564
216
8564
8564
198
8564
8564
204
8564
8564
234
8564
8564
8564
204
8564
251
8564
204
8564
670
8564
8564
216
513
670
8564
8564
234
8564
8564
8564
204
8564
580
8564
612
8564
4972
8564
8564
8564
8564
8564
8564
8564
8564
216
8564
8564
8564
8564
8564
8564
8564
8564
216
198
8564
8564
8564
8564
8564
204
8564
8564
8564
8564
8564
8564
8564
8564
204
8564
8564
8564
8564
8564
8564
8564
8564
8564
216
231
232
8564
8564
8564
8564
8564
8564
8564
8564
216
8564
8564
8564
8564
8564
8564
8564
8564
8564
8564
8564
8564
216
8564
8564
8564
8564
8564
8564
8564
8564
198
8564
580
956
234
647
630
612
8564
234
547
198
8564
198
8564
234
858
198
956
681
8564
8564
8564
424
198
8564
8564
198
8564
8564
8564
216
8564
8564
8564
198
8564
204
670
8564
8564
234
8564
216
412
8564
8564
216
8564
8564
8564
204
8564
8564
204
8564
547
653
424
8564
8564
204
4972
8564
8564
216
670
8564
771
8564
8564
204
8564
8564
670
8564
8564
8564
8564
198
8564
424
8564
580
8564
8564
8564
204
8564
8564
670
8564
8564
647
4621
204
4637
204
8564
8564
8564
8564
8564
8564
8564
8564
8564
8564
8564
8564
8564
8564
8564
8564
8564
8564
8564
8564
8564
8564
8564
8564
8564
8564
8564
8564
8564
8564
8564
8564
8564
8564
8564
8564
8564
8564
8564
8564
8564
8564
8564
8564
8564
8564
8564
8564
8564
8564
8564
8564
8564
8564
8564
8564
8564
8564
8564
8564
8564
8564
8564
8564
8564
8564
8564
8564
8564
8564
8564
8564
4621
204
234
8564
8564
8564
8564
204
1156
647
8564
8564
8564
8564
8564
8564
8564
8564
8564
8564
8564
8564
8564
8564
8564
8564
8564
8564
8564
8564
8564
8564
8564
8564
8564
8564
8564
8564
8564
8564
8564
8564
8564
8564
8564
8564
8564
8564
8564
8564
8564
8564
8564
8564
8564
8564
8564
8564
8564
8564
8564
8564
8564
8564
8564
8564
8564
8564
8564
8564
8564
8564
8564
8564
8564
8564
8564
8564
8564
8564
8564
8564
8564
8564
8564
8564
8564
8564
8564
8564
8564
8564
8564
8564
8564
8564
8564
8564
8564
8564
8564
8564
8564
8564
8564
8564
8564
8564
8564
8564
8564
8564
8564
8564
8564
8564
8564
8564
8564
8564
8564
8564
8564
8564
204
8564
204
251
8564
204
670
8564
8564
216
513
513
251
8564
8564
8564
8564
8564
204
513
8564
8564
1156
1191
8564
8564
8564
8564
204
771
204
670
8564
8564
216
513
771
204
670
513
8564
8564
216
513
8564
8564
8564
8564
216
8564
8564
8564
8564
8564
8564
8564
204
8564
8564
8564
8564
409
8564
8564
8564
8564
8564
204
8564
8564
8564
8564
204
513
251
8564
8564
8564
8564
8564
204
513
8564
8564
234
8564
8564
8564
8564
8564
204
670
8564
8564
1156
1191
8564
8564
8564
8564
204
1156
8564
647
690
547
198
8564
8564
8564
8564
204
8564
204
251
8564
204
670
8564
8564
216
513
771
204
670
513
8564
8564
216
513
771
204
670
513
8564
8564
216
513
771
204
670
513
8564
8564
216
647
513
8564
8564
8564
8564
216
8564
216
8564
216
8564
216
8564
8564
8564
8564
8564
204
8564
216
8564
8564
8564
204
8564
216
8564
8564
8564
8564
8564
8564
8564
8564
8564
204
198
8564
204
8564
234
8564
216
198
8564
216
8564
8564
8564
8564
8564
8564
8564
8564
204
198
8564
8564
8564
8564
8564
204
8564
8564
8564
8564
8564
204
8564
8564
8564
8564
204
8564
204
251
8564
204
670
8564
8564
216
513
771
204
670
513
8564
8564
216
513
771
204
670
513
8564
8564
216
513
8564
8564
8564
8564
216
204
8564
8564
8564
564
670
8564
8564
8564
4618
8564
8564
8564
8564
8564
216
198
8564
8564
8564
204
8564
4972
8564
216
8564
8564
8564
8564
216
8564
8564
8564
670
8564
765
8564
670
8564
8564
564
8564
8564
8564
8564
8564
409
198
8564
204
771
8564
8564
8564
8564
8564
204
8564
670
8564
8564
234
8564
8564
8564
204
513
670
251
8564
8564
8564
8564
8564
204
204
670
670
564
8564
412
8564
204
8564
8564
8564
4621
204
4637
8564
204
1156
1191
204
1156
8564
647
690
547
198
8564
8564
204
513
412
8564
204
8564
8564
4783
647
198
757
564
8564
670
8564
675
8564
8564
858
198
8564
8564
8564
8564
8564
8564
204
8564
8564
8564
216
8564
8564
8564
630
8564
8564
8564
8564
8564
8564
8564
8564
204
8564
8564
8564
234
8564
8564
8564
8564
204
8564
8564
8564
8564
8564
8564
8564
8564
8564
204
8564
8564
8564
8564
670
633
956
234
8564
8564
8564
8564
216
8564
8564
8564
8564
204
8564
204
251
8564
204
670
8564
8564
216
513
771
204
4774
675
8564
4686
670
513
8564
8564
216
513
771
204
4774
675
8564
4686
670
8564
8564
216
858
513
253
8564
8564
8564
216
234
8564
8564
8564
204
251
8564
204
670
8564
8564
216
513
8564
8564
8564
216
8564
8564
513
251
8564
8564
8564
8564
8564
204
8564
251
8564
204
675
670
8564
8564
216
513
670
8564
8564
647
8564
8564
8564
8564
216
8564
8564
8564
8564
8564
8564
8564
8564
8564
8564
8564
8564
204
8564
8564
8564
8564
8564
8564
8564
8564
204
8564
8564
8564
8564
204
4774
547
670
8564
8564
858
690
773
198
8564
8564
8564
8564
8564
204
234
8564
8564
8564
8564
8564
8564
8564
8564
8564
204
8564
8564
8564
8564
8564
8564
8564
8564
8564
204
8564
8564
8564
8564
771
204
670
8564
8564
216
513
8564
8564
8564
8564
216
8564
8564
8564
251
8564
204
8564
675
670
8564
8564
216
513
8564
8564
8564
216
8564
8564
8564
513
8564
8564
8564
216
198
8564
8564
8564
204
198
8564
204
8564
204
765
8564
8564
234
8564
8564
8564
8564
204
8564
251
8564
204
8564
670
8564
8564
216
513
670
8564
8564
234
8564
8564
8564
8564
204
8564
251
8564
204
670
8564
8564
216
8564
547
8564
8564
8564
8564
8564
8564
216
234
8564
8564
8564
8564
8564
8564
8564
8564
8564
204
257
8564
1345
1345
1345
8564
8564
8564
756
8564
204
231
232
8564
8564
8564
8564
771
8564
204
513
630
204
824
232
8564
564
8564
599
8564
8564
204
8564
8564
8564
8564
8564
513
8564
8564
216
8564
564
670
765
564
8564
8564
8564
8564
216
8564
8564
564
670
8564
8564
513
8564
8564
513
8564
8564
253
513
513
8564
8564
513
8564
8564
8564
8564
771
8564
204
513
8564
8564
204
8564
3634
216
4783
8564
8564
8564
8564
8564
8564
216
8564
8564
257
8564
8564
8564
198
8564
8564
8564
8564
257
8564
198
8564
8564
8564
8564
257
8564
198
8564
8564
8564
8564
257
8564
8564
760
8564
858
4774
547
513
8564
670
8564
8564
876
885
858
878
885
8564
858
257
8564
198
8564
513
8564
8564
8564
8564
257
8564
8564
760
8564
8564
8564
8564
634
198
8564
8564
204
231
232
513
8564
8564
513
8564
8564
257
8564
198
8564
8564
8564
8564
513
513
8564
8564
513
8564
8564
513
8564
8564
8564
8564
8564
8564
257
8564
198
8564
8564
8564
513
8564
198
612
513
8564
8564
653
513
8564
8564
513
8564
8564
8564
8564
8564
513
4783
8564
8564
8564
8564
8564
204
8564
8564
216
257
8564
8564
257
8564
1345
1345
1345
1345
8564
8564
8564
8564
631
204
513
513
8564
8564
216
8564
564
670
8564
8564
8564
513
8564
8564
771
8564
204
8564
198
8564
204
513
8564
8564
8564
8564
8564
8564
216
8564
8564
8564
204
513
8564
8564
8564
8564
8564
216
8564
8564
257
8564
8564
257
8564
8564
257
8564
8564
257
8564
8564
257
8564
1345
824
8564
257
8564
1345
824
8564
257
8564
8564
257
8564
8564
257
8564
1345
564
8564
293
8564
8564
8564
257
8564
564
8564
8564
257
8564
8564
257
8564
8564
257
8564
1345
293
8564
8564
8564
257
8564
8564
257
8564
8564
257
8564
8564
257
8564
8564
257
8564
8564
257
8564
8564
257
8564
8564
257
8564
1345
1345
1345
1345
8564
513
8564
513
8564
513
8564
513
8564
8564
216
8564
8564
8564
216
8564
8564
8564
8564
8564
8564
756
8564
204
8564
8564
198
8564
204
198
8564
630
424
8564
8564
204
257
8564
1345
1345
1345
1345
8564
513
8564
513
8564
513
8564
513
8564
8564
216
8564
8564
8564
216
8564
8564
8564
8564
8564
8564
756
8564
204
8564
8564
198
8564
204
198
8564
630
424
8564
8564
204
257
8564
1345
1345
1345
1345
1345
1345
8564
513
8564
8564
513
198
198
424
630
424
204
513
8564
8564
513
198
198
424
630
424
204
8564
8564
8564
216
630
8564
8564
204
198
8564
8564
612
8564
8564
216
8564
8564
630
8564
8564
204
513
8564
8564
198
612
742
8564
8564
216
8564
8564
198
612
695
8564
216
8564
257
8564
1345
1345
8564
8564
513
8564
8564
513
8564
8564
198
8564
204
547
253
198
8564
204
513
8564
8564
513
8564
8564
8564
8564
8564
216
198
8564
204
198
8564
204
8564
8564
8564
216
4783
216
8564
198
8564
204
513
8564
8564
513
8564
8564
513
8564
8564
8564
8564
216
198
8564
8564
204
513
4783
547
8564
216
8564
257
8564
1345
1345
8564
1345
1345
1345
1345
1345
1345
1345
1345
1345
1345
8564
8564
8564
8564
1345
1345
760
8564
204
8564
8564
8564
216
8564
8564
8564
824
756
8564
8564
8564
204
756
198
8564
204
8564
8564
8564
216
8564
8564
8564
8564
756
8564
204
198
8564
8564
204
8564
204
8564
8564
216
8564
8564
216
8564
198
8564
8564
8564
8564
204
513
8564
8564
198
8564
204
8564
8564
216
513
8564
8564
198
8564
8564
204
513
8564
8564
216
8564
204
8564
8564
8564
8564
8564
216
8564
756
204
8564
8564
216
198
8564
204
8564
8564
216
8564
8564
198
8564
8564
204
8564
8564
8564
198
8564
204
198
8564
204
8564
8564
8564
8564
8564
216
198
204
8564
204
8564
8564
216
8564
8564
216
8564
198
8564
8564
8564
8564
204
198
8564
204
824
675
234
8564
204
8564
204
8564
8564
8564
8564
8564
216
8564
8564
8564
198
8564
204
198
8564
8564
204
513
8564
8564
513
879
773
756
198
756
8564
8564
8564
513
8564
8564
513
879
773
756
198
756
8564
8564
8564
424
8564
8564
204
8564
8564
198
8564
8564
204
8564
8564
8564
513
8564
8564
765
513
412
8564
198
198
8564
198
8564
8564
424
8564
204
8564
8564
8564
8564
8564
216
8564
204
198
8564
204
8564
8564
8564
8564
8564
216
8564
8564
8564
8564
216
8564
8564
8564
8564
216
8564
257
8564
8564
8564
257
8564
1345
1345
1345
1345
1345
1345
1345
1345
1345
8564
1345
1345
1345
1345
198
8564
204
8564
8564
216
8564
8564
8564
8564
8564
824
756
8564
8564
8564
204
8564
8564
8564
756
8564
8564
204
198
8564
8564
8564
204
8564
8564
198
8564
8564
204
8564
513
8564
8564
198
8564
204
8564
8564
216
513
8564
8564
198
8564
8564
8564
204
513
8564
8564
216
8564
8564
8564
8564
8564
8564
8564
756
204
8564
8564
216
198
8564
204
8564
8564
8564
216
8564
8564
198
8564
8564
8564
204
8564
8564
8564
198
204
198
8564
204
8564
198
8564
8564
204
8564
8564
198
8564
204
8564
824
675
234
8564
8564
8564
204
547
198
204
8564
8564
513
8564
8564
8564
513
8564
8564
513
8564
8564
513
8564
8564
8564
8564
216
8564
8564
8564
216
8564
8564
198
8564
8564
204
8564
257
8564
1345
3722
8564
8564
198
204
8564
8564
8564
8564
8564
8564
216
8564
8564
8564
8564
8564
216
8564
8564
8564
8564
8564
8564
8564
1404
231
232
8564
8564
257
8564
8564
257
8564
8564
257
8564
8564
257
8564
8564
8564
216
8564
8564
8564
216
8564
8564
216
8564
8564
216
8564
216
8564
3582
8564
8564
216
8564
8564
8564
216
8564
257
8564
1345
8564
8564
216
8564
564
670
8564
8564
198
513
8564
204
8564
8564
257
8564
1345
1345
8564
1345
8564
8564
216
8564
564
670
8564
8564
670
8564
8564
198
8564
204
536
198
8564
8564
8564
204
8564
8564
257
8564
1345
8564
257
8564
8564
8564
8564
8564
8564
8564
8564
257
8564
8564
760
8564
198
424
204
824
232
8564
257
8564
1345
8564
188
188
965
283
204
4783
257
824
232
8564
8564
257
8564
1345
198
8564
198
424
8564
204
3634
8564
216
8564
8564
760
8564
424
8564
204
824
232
8564
257
8564
1345
8564
188
188
965
283
204
8564
257
824
232
8564
1345
1345
8564
8564
8564
8564
198
8564
204
198
8564
8564
204
8564
630
8564
612
742
8564
216
8564
771
204
824
232
4774
513
670
8564
216
8564
8564
8564
257
8564
1345
8564
257
8564
4783
8564
8564
257
8564
8564
760
8564
204
824
232
8564
257
8564
4783
8564
8564
8564
257
8564
8564
4972
513
8564
257
8564
8564
8564
8564
231
232
8564
8564
198
8564
204
8564
8564
198
8564
204
824
232
257
8564
1345
1345
1345
1345
1345
1345
1345
1345
1345
1345
8564
1345
513
8564
8564
198
8564
204
8564
513
8564
8564
8564
216
8564
8564
198
8564
204
8564
198
8564
8564
204
8564
8564
201
472
8564
8564
216
513
8564
8564
198
204
8564
756
198
8564
8564
8564
204
513
8564
8564
8564
8564
216
8564
8564
198
8564
513
810
8564
216
513
198
8564
204
8564
8564
8564
198
8564
8564
204
8564
513
630
8564
204
858
8564
858
198
204
513
8564
8564
198
8564
204
824
8564
216
8564
513
8564
8564
198
8564
8564
8564
8564
204
198
8564
204
513
8564
216
8564
257
8564
1345
1345
1345
1345
1345
8564
1345
1345
1345
8564
8564
1345
513
8564
8564
234
8564
204
8564
513
8564
8564
8564
216
8564
8564
234
8564
204
8564
198
8564
8564
204
8564
8564
201
472
8564
8564
216
513
8564
8564
234
204
8564
756
234
8564
8564
8564
204
513
8564
8564
8564
8564
216
8564
8564
234
612
670
8564
216
513
234
8564
204
8564
8564
8564
234
8564
8564
204
8564
1156
1191
8564
204
1156
8564
647
8564
858
198
204
513
8564
8564
234
8564
204
824
8564
216
8564
513
8564
8564
234
8564
8564
8564
8564
204
234
8564
204
513
8564
216
8564
257
8564
1345
1345
1345
1345
1345
1345
1345
1345
1345
1345
1345
1345
1345
8564
8564
8564
8564
1345
1345
1345
1345
1345
1345
1345
1345
8564
8564
8564
8564
1345
1345
1345
1345
1345
1345
1345
1345
1345
1345
1345
1345
1345
1345
1345
1345
1345
1345
1345
8564
8564
8564
1345
1345
8564
8564
3627
513
8564
8564
198
8564
204
8564
8564
513
630
8564
8564
8564
8564
8564
8564
216
8564
8564
8564
8564
8564
8564
198
8564
204
8564
198
8564
8564
204
513
8564
8564
8564
201
472
8564
8564
216
513
8564
8564
198
204
8564
756
198
8564
8564
8564
204
513
8564
8564
8564
8564
216
8564
8564
198
8564
513
810
8564
216
513
198
8564
8564
204
8564
8564
8564
198
8564
8564
8564
8564
8564
8564
204
513
630
204
858
8564
858
198
204
513
8564
8564
198
8564
204
513
8564
8564
8564
8564
8564
216
198
8564
8564
8564
8564
8564
8564
204
198
8564
204
8564
204
765
949
431
8564
216
8564
564
630
630
8564
8564
204
513
547
765
513
513
8564
8564
765
547
949
513
8564
8564
253
513
8564
8564
513
8564
8564
8564
8564
8564
8564
8564
8564
8564
198
8564
204
8564
8564
8564
8564
8564
216
198
198
8564
8564
8564
8564
8564
8564
204
8564
204
765
949
431
8564
216
8564
564
630
630
8564
8564
204
513
547
765
513
513
8564
8564
765
547
949
513
8564
8564
253
513
8564
8564
513
513
8564
8564
8564
8564
8564
8564
8564
8564
8564
8564
8564
8564
8564
216
513
8564
8564
8564
8564
8564
216
8564
8564
8564
8564
8564
513
8564
8564
198
8564
8564
8564
8564
8564
8564
8564
204
513
8564
8564
198
8564
204
8564
8564
8564
8564
8564
216
8564
8564
8564
216
8564
198
204
858
513
8564
513
8564
513
8564
513
8564
8564
8564
8564
8564
8564
8564
216
630
204
409
409
858
513
8564
513
8564
513
8564
513
8564
8564
8564
8564
8564
8564
8564
216
771
8564
204
547
858
198
8564
810
564
8564
513
8564
513
8564
513
8564
513
8564
547
198
612
8564
216
858
513
8564
8564
513
8564
8564
513
8564
8564
513
8564
8564
8564
198
8564
8564
8564
8564
8564
8564
8564
204
8564
8564
8564
8564
8564
8564
547
858
198
8564
810
771
547
198
8564
216
8564
8564
8564
204
8564
8564
8564
8564
8564
8564
8564
198
204
8564
513
771
8564
8564
8564
204
412
8564
204
513
8564
8564
198
8564
612
8564
216
8564
8564
8564
8564
8564
8564
198
8564
204
204
513
8564
8564
198
8564
612
8564
8564
8564
8564
8564
198
8564
8564
8564
204
8564
8564
8564
8564
8564
198
8564
8564
8564
204
858
513
8564
8564
513
8564
8564
513
8564
8564
513
8564
8564
8564
198
8564
8564
8564
8564
8564
8564
8564
204
8564
8564
8564
8564
8564
8564
547
858
198
8564
810
8564
8564
8564
216
8564
8564
8564
8564
513
8564
8564
8564
8564
8564
8564
198
8564
204
8564
8564
8564
198
8564
8564
8564
8564
204
8564
8564
198
8564
204
8564
8564
8564
8564
8564
8564
8564
198
8564
204
8564
513
771
8564
8564
8564
204
8564
8564
8564
8564
216
412
8564
8564
204
513
8564
8564
198
8564
8564
8564
612
810
8564
8564
216
8564
8564
8564
8564
8564
8564
8564
198
8564
8564
8564
204
513
8564
8564
513
8564
8564
513
8564
8564
513
8564
8564
8564
216
8564
257
8564
1345
1345
8564
1345
1345
1345
1345
1345
8564
1345
1345
1345
3722
1345
1345
1345
8564
1345
1345
1345
1345
1345
1345
1345
1345
1345
1345
1345
1345
1345
1345
1345
1345
1345
1345
1345
1345
1345
1345
1345
1345
1345
1345
1345
8564
8564
1345
1345
1345
1345
1345
1345
1345
1345
1345
1345
1345
1345
8564
1345
1345
1345
8564
1345
1345
1345
1345
1345
1345
1345
1345
1345
1345
1345
8564
1345
1345
1345
1345
1345
1345
1345
1345
8564
1345
1345
8564
1345
1345
1345
1345
1345
3722
1345
3722
1345
3722
1345
1345
8564
1345
1345
1345
8564
1345
1345
1345
1345
1345
1345
8564
8564
1345
1345
1345
1345
1345
8564
8564
198
204
8564
4774
675
8564
547
198
547
198
8564
547
198
547
198
8564
858
198
675
8564
633
234
513
8564
8564
513
8564
8564
8564
8564
8564
216
8564
8564
8564
8564
8564
8564
8564
8564
8564
204
513
8564
8564
4783
8564
8564
216
513
8564
8564
8564
8564
204
8564
204
8564
204
8564
204
8564
409
8564
424
8564
204
8564
914
8564
204
412
8564
8564
204
8564
8564
198
8564
8564
204
513
8564
8564
647
513
8564
8564
513
8564
8564
513
8564
8564
198
8564
8564
204
8564
8564
8564
198
8564
204
8564
8564
8564
8564
8564
8564
204
198
580
956
234
8564
8564
8564
8564
8564
8564
204
204
8564
8564
198
8564
204
513
204
513
8564
8564
4783
8564
412
8564
8564
8564
8564
8564
8564
204
412
8564
204
8564
8564
204
513
8564
8564
8564
8564
8564
216
8564
8564
8564
8564
8564
8564
8564
8564
8564
8564
8564
8564
216
8564
412
8564
8564
8564
204
8564
8564
8564
8564
8564
8564
8564
8564
8564
8564
216
8564
8564
8564
8564
8564
8564
8564
412
8564
8564
8564
8564
8564
8564
204
8564
204
8564
412
8564
204
8564
8564
198
8564
8564
204
647
513
8564
8564
513
8564
8564
513
8564
8564
513
8564
8564
198
8564
8564
8564
204
8564
8564
198
234
8564
8564
8564
204
513
8564
8564
198
198
424
8564
8564
8564
8564
8564
8564
8564
204
8564
8564
8564
8564
8564
198
8564
204
8564
8564
8564
8564
204
824
412
204
8564
8564
8564
8564
216
412
8564
204
8564
8564
198
8564
424
8564
204
513
8564
8564
8564
216
8564
8564
8564
513
8564
198
198
424
8564
8564
8564
8564
8564
8564
8564
204
8564
8564
198
8564
204
8564
8564
204
547
198
8564
8564
204
513
8564
8564
765
949
513
8564
8564
513
8564
8564
513
8564
8564
8564
8564
8564
216
8564
694
513
8564
8564
765
547
949
513
8564
8564
513
8564
8564
513
8564
8564
8564
8564
8564
760
810
198
8564
204
8564
204
513
630
8564
204
858
8564
858
198
8564
204
8564
8564
198
8564
8564
8564
204
8564
8564
547
810
251
8564
8564
8564
8564
8564
204
513
251
8564
8564
8564
8564
8564
204
8564
8564
8564
8564
8564
647
8564
8564
8564
198
8564
204
8564
198
8564
8564
204
8564
8564
204
8564
251
8564
8564
204
8564
8564
513
198
8564
8564
204
8564
8564
4774
8564
858
8564
8564
8564
216
8564
198
8564
216
8564
8564
8564
8564
8564
204
8564
547
8564
8564
216
8564
8564
198
8564
8564
204
8564
8564
8564
216
8564
8564
204
8564
4783
8564
216
8564
251
8564
8564
8564
8564
8564
204
8564
8564
8564
8564
8564
8564
204
8564
8564
8564
216
8564
412
8564
204
8564
513
251
8564
8564
8564
8564
8564
204
8564
8564
8564
1011
8564
8564
198
8564
8564
204
8564
198
8564
8564
204
513
8564
8564
3776
201
472
8564
8564
216
412
8564
204
8564
8564
8564
198
8564
204
234
8564
216
198
8564
8564
204
8564
8564
8564
204
8564
8564
198
204
756
198
8564
8564
8564
204
513
8564
8564
216
8564
8564
513
8564
8564
204
8564
4783
8564
216
8564
8564
8564
513
513
8564
513
8564
513
8564
564
8564
8564
8564
8564
216
8564
8564
198
8564
424
204
8564
8564
198
8564
204
8564
204
8564
8564
8564
216
8564
513
8564
8564
216
198
8564
204
8564
8564
198
8564
8564
8564
204
8564
8564
513
8564
8564
198
8564
204
513
8564
8564
198
8564
8564
8564
204
564
670
8564
8564
8564
8564
8564
8564
216
8564
8564
8564
425
204
425
204
425
204
756
412
424
8564
204
513
630
198
8564
8564
216
513
630
198
8564
8564
216
8564
8564
424
8564
412
424
8564
204
412
8564
204
513
513
675
8564
8564
8564
8564
198
8564
8564
8564
8564
204
8564
8564
8564
8564
198
8564
8564
204
513
630
8564
8564
204
513
564
670
8564
8564
198
8564
8564
8564
8564
204
8564
8564
8564
8564
8564
8564
198
204
513
8564
8564
216
513
513
8564
8564
8564
8564
8564
216
8564
198
8564
8564
8564
204
8564
8564
204
8564
8564
8564
8564
216
8564
8564
8564
8564
198
8564
204
513
8564
8564
8564
8564
409
513
8564
8564
8564
204
8564
8564
8564
8564
216
8564
8564
198
8564
8564
204
513
634
424
8564
8564
204
8564
198
8564
8564
204
412
8564
8564
8564
204
8564
8564
8564
8564
198
8564
8564
8564
8564
8564
204
8564
513
8564
8564
771
251
424
8564
8564
8564
8564
8564
204
8564
8564
198
8564
8564
204
8564
8564
8564
8564
8564
216
8564
8564
513
8564
8564
216
8564
198
8564
8564
8564
8564
8564
8564
204
8564
8564
8564
513
198
547
580
956
234
647
653
204
8564
8564
198
8564
204
513
8564
8564
216
8564
8564
8564
8564
198
8564
8564
8564
8564
8564
204
198
8564
8564
8564
8564
8564
204
8564
8564
198
8564
204
431
8564
216
8564
513
8564
8564
412
8564
204
198
8564
204
513
8564
8564
198
8564
8564
8564
204
513
513
8564
8564
8564
8564
8564
8564
216
513
630
8564
8564
8564
204
198
8564
204
513
8564
8564
198
8564
204
513
8564
8564
198
8564
8564
204
513
8564
8564
198
8564
8564
204
513
513
8564
8564
8564
8564
8564
8564
216
198
8564
8564
8564
204
513
8564
8564
198
8564
204
513
8564
8564
8564
216
8564
8564
198
8564
204
513
8564
8564
198
8564
8564
8564
8564
204
8564
513
8564
8564
198
8564
204
513
513
8564
8564
8564
8564
8564
8564
216
8564
8564
8564
198
8564
8564
8564
204
8564
198
8564
8564
8564
8564
8564
8564
204
8564
204
8564
8564
198
8564
8564
204
513
8564
8564
647
513
8564
8564
513
8564
8564
513
8564
8564
198
8564
8564
204
412
8564
204
8564
8564
198
8564
8564
8564
8564
8564
8564
8564
204
412
8564
204
8564
8564
8564
8564
8564
216
8564
8564
8564
8564
8564
8564
8564
8564
8564
8564
204
513
8564
8564
8564
8564
8564
8564
8564
216
8564
8564
8564
8564
8564
8564
513
8564
8564
8564
8564
8564
8564
216
8564
8564
8564
8564
8564
513
8564
8564
198
8564
8564
8564
8564
8564
8564
8564
8564
204
8564
412
8564
204
547
198
8564
204
8564
8564
198
8564
216
8564
8564
612
8564
216
8564
257
8564
1345
8564
1345
1345
1345
1345
1345
1345
1345
1345
1345
1345
1345
1345
8564
8564
8564
8564
1345
1345
1345
1345
1345
1345
1345
1345
1345
8564
8564
8564
8564
1345
1345
1345
1345
1345
1345
1345
1345
3722
1345
1345
8564
1345
1345
1345
1345
1345
1345
3722
8564
8564
8564
8564
8564
1345
1345
8564
8564
4972
8564
513
8564
8564
234
8564
204
8564
8564
513
630
472
8564
8564
8564
8564
8564
8564
8564
216
8564
8564
8564
8564
8564
8564
8564
234
8564
204
8564
198
8564
8564
204
513
8564
8564
3776
201
472
8564
8564
216
513
8564
8564
234
204
8564
756
234
8564
8564
8564
204
513
8564
8564
8564
8564
216
8564
8564
234
612
670
8564
216
513
234
8564
8564
204
8564
8564
8564
234
8564
8564
8564
8564
8564
8564
204
1156
1191
204
1156
8564
647
8564
858
198
204
513
8564
8564
234
8564
204
513
8564
8564
8564
8564
8564
216
234
8564
8564
8564
8564
8564
8564
204
198
8564
204
765
513
810
630
8564
204
513
547
765
513
547
253
8564
8564
8564
680
670
8564
8564
8564
8564
8564
8564
8564
198
8564
204
513
8564
8564
513
8564
8564
513
8564
8564
513
8564
8564
8564
8564
216
234
198
8564
8564
8564
8564
8564
8564
204
8564
765
513
810
630
8564
204
513
547
765
513
547
253
8564
8564
8564
680
670
8564
8564
8564
8564
8564
8564
513
8564
8564
8564
8564
8564
216
513
8564
8564
8564
8564
8564
216
8564
8564
8564
8564
8564
8564
513
8564
8564
234
8564
8564
8564
8564
8564
8564
8564
8564
204
513
8564
8564
234
8564
8564
204
513
8564
8564
513
8564
8564
513
8564
8564
513
8564
8564
8564
8564
216
8564
8564
8564
8564
8564
216
8564
198
204
858
513
8564
513
8564
513
8564
513
8564
8564
8564
8564
8564
8564
8564
216
8564
425
204
409
409
858
513
8564
513
8564
513
8564
513
8564
8564
8564
8564
8564
8564
8564
216
771
8564
204
547
858
198
8564
810
564
8564
513
8564
513
8564
513
8564
513
8564
547
198
8564
216
858
513
8564
8564
513
8564
8564
513
8564
8564
513
8564
8564
8564
198
8564
8564
8564
8564
8564
8564
8564
204
8564
8564
8564
8564
8564
8564
547
858
198
8564
810
771
547
198
8564
216
8564
8564
8564
204
8564
8564
8564
8564
8564
8564
8564
198
204
8564
513
771
8564
8564
8564
204
412
8564
8564
204
513
8564
8564
234
8564
612
8564
8564
216
8564
8564
8564
8564
8564
8564
8564
198
8564
204
204
513
8564
8564
234
8564
612
8564
8564
8564
8564
8564
198
8564
8564
8564
204
8564
8564
8564
8564
8564
198
8564
8564
8564
204
858
513
8564
8564
513
8564
8564
513
8564
8564
513
8564
8564
8564
198
8564
8564
8564
8564
8564
8564
8564
204
8564
8564
8564
8564
8564
8564
547
858
198
8564
810
8564
8564
8564
216
8564
8564
8564
8564
513
8564
8564
8564
8564
8564
8564
198
8564
204
8564
8564
8564
198
8564
8564
8564
8564
204
8564
8564
198
8564
204
8564
8564
8564
8564
8564
8564
8564
198
8564
204
8564
513
771
8564
8564
8564
204
8564
8564
8564
8564
216
412
8564
8564
204
513
8564
8564
234
8564
810
8564
8564
612
8564
8564
216
8564
8564
8564
8564
8564
8564
8564
198
8564
8564
8564
204
513
8564
8564
513
8564
8564
513
8564
8564
513
8564
8564
8564
8564
216
8564
257
8564
1345
1345
8564
1345
1345
1345
1345
3722
1345
1345
8564
3722
1345
1345
1345
3722
1345
1345
1345
1345
3722
1345
1345
8564
1345
1345
1345
1345
3722
1345
8564
1345
1345
1345
1345
1345
8564
1345
1345
8564
1345
1345
1345
1345
1345
8564
8564
1345
1345
1345
1345
1345
1345
1345
1345
1345
1345
1345
1345
1345
1345
1345
1345
8564
1345
1345
1345
1345
1345
1345
1345
1345
1345
1345
1345
1345
1345
1345
1345
1345
1345
1345
8564
1345
1345
1345
1345
1345
3722
1345
1345
1345
8564
1345
1345
1345
1345
8564
3722
8564
3722
8564
3722
1345
1345
1345
1345
8564
1345
1345
1345
1345
1345
8564
8564
8564
1345
1345
1345
8564
8564
234
204
8564
8564
4774
858
547
198
547
198
8564
513
8564
858
198
675
8564
633
234
513
513
8564
513
8564
547
198
8564
547
198
513
8564
513
8564
8564
8564
8564
216
8564
8564
8564
8564
8564
8564
8564
8564
8564
204
8564
647
8564
8564
564
670
8564
8564
647
547
653
8564
8564
8564
216
513
8564
8564
8564
234
204
1191
204
234
204
1191
204
8564
8564
1347
681
424
8564
8564
204
8564
8564
533
8564
8564
204
412
8564
8564
204
8564
234
8564
8564
8564
204
8564
8564
858
8564
8564
8564
198
8564
8564
8564
204
8564
8564
8564
8564
234
8564
8564
8564
8564
8564
204
234
580
675
956
234
8564
8564
8564
8564
8564
204
204
8564
234
8564
204
513
8564
204
8564
647
8564
8564
564
670
8564
8564
412
8564
8564
8564
8564
204
412
8564
204
8564
8564
8564
8564
204
8564
8564
8564
8564
8564
647
8564
8564
564
670
8564
8564
8564
8564
8564
216
412
8564
8564
8564
204
8564
8564
8564
8564
647
8564
8564
8564
216
8564
8564
8564
647
412
8564
8564
8564
8564
216
8564
8564
204
8564
8564
412
8564
204
8564
234
8564
8564
8564
204
8564
858
8564
8564
8564
198
8564
8564
8564
8564
204
8564
8564
234
8564
204
675
234
8564
8564
204
513
8564
647
547
653
234
547
234
424
8564
612
653
8564
8564
8564
8564
8564
8564
8564
8564
8564
8564
204
8564
8564
8564
8564
8564
564
8564
8564
8564
234
8564
204
8564
8564
8564
8564
204
824
412
8564
204
564
8564
8564
8564
8564
8564
216
412
8564
204
8564
8564
234
8564
424
8564
204
513
8564
8564
8564
216
8564
8564
8564
8564
647
547
653
431
234
547
234
424
8564
612
653
8564
8564
8564
8564
8564
8564
8564
8564
8564
8564
204
8564
8564
8564
234
8564
204
8564
8564
204
547
198
8564
8564
204
8564
8564
765
8564
8564
8564
564
8564
8564
8564
216
8564
8564
694
765
547
8564
8564
8564
564
8564
8564
198
810
234
204
8564
204
513
675
1191
8564
204
858
8564
858
198
8564
204
564
8564
8564
8564
234
8564
8564
204
771
8564
204
8564
547
810
564
8564
431
8564
8564
8564
216
250
771
8564
8564
8564
8564
204
8564
8564
8564
8564
8564
858
8564
8564
8564
198
8564
204
234
8564
204
8564
8564
8564
204
8564
771
8564
204
8564
8564
8564
647
547
653
513
234
8564
8564
8564
204
8564
8564
8564
4774
858
8564
8564
8564
216
8564
198
8564
216
8564
8564
204
547
8564
216
8564
234
8564
8564
204
564
8564
8564
8564
647
8564
216
8564
8564
204
8564
8564
8564
564
547
670
8564
8564
647
8564
216
858
8564
858
771
8564
8564
8564
8564
204
8564
8564
8564
8564
8564
647
8564
8564
204
8564
564
8564
8564
8564
670
8564
8564
8564
8564
216
8564
8564
412
8564
204
8564
250
771
8564
8564
8564
8564
204
8564
8564
8564
8564
8564
198
8564
8564
8564
204
8564
198
8564
8564
204
8564
8564
201
472
8564
8564
216
412
8564
204
8564
8564
8564
234
8564
204
675
234
8564
216
234
8564
8564
204
8564
8564
8564
204
8564
234
204
756
234
8564
8564
8564
204
513
8564
8564
216
647
547
653
8564
8564
1011
8564
8564
204
8564
858
8564
8564
564
670
8564
8564
1011
8564
8564
216
8564
8564
513
8564
8564
647
858
675
8564
8564
8564
8564
216
8564
8564
8564
8564
198
8564
424
204
8564
8564
234
8564
204
647
8564
204
8564
8564
8564
564
670
8564
8564
647
8564
216
8564
513
8564
8564
8564
8564
216
198
8564
204
8564
8564
234
8564
8564
8564
8564
204
8564
8564
8564
513
8564
8564
647
547
234
8564
653
204
513
8564
8564
234
8564
8564
8564
8564
8564
204
8564
670
8564
8564
8564
4972
198
8564
8564
204
513
675
1191
8564
8564
8564
8564
204
547
653
513
670
8564
8564
198
8564
8564
8564
8564
8564
204
564
8564
647
8564
8564
4783
8564
8564
8564
8564
198
204
513
8564
8564
8564
216
431
8564
8564
647
547
653
675
1156
8564
8564
8564
216
198
8564
8564
8564
204
8564
8564
8564
8564
204
8564
8564
8564
564
670
8564
8564
647
8564
8564
8564
8564
216
8564
8564
8564
8564
8564
8564
647
547
653
234
8564
204
513
8564
8564
1347
675
1156
8564
8564
216
675
1156
8564
8564
8564
204
513
8564
8564
8564
8564
216
8564
8564
647
547
653
234
8564
8564
8564
204
513
681
424
8564
8564
204
8564
675
234
8564
8564
204
675
700
8564
8564
8564
8564
204
8564
8564
8564
647
653
564
8564
675
1156
496
4899
424
8564
8564
8564
8564
8564
8564
204
8564
8564
8564
234
8564
8564
204
8564
8564
547
647
653
8564
8564
8564
8564
8564
216
8564
8564
8564
675
234
8564
8564
8564
204
8564
8564
8564
1011
858
8564
8564
8564
8564
216
8564
8564
647
653
513
8564
8564
216
198
8564
204
1011
8564
8564
8564
8564
8564
216
8564
8564
8564
8564
513
8564
234
547
580
956
234
647
653
204
8564
234
8564
204
513
8564
8564
8564
8564
216
8564
8564
8564
8564
8564
647
547
653
234
8564
8564
8564
8564
8564
8564
8564
204
234
8564
8564
8564
8564
204
8564
234
8564
204
431
8564
8564
216
8564
513
8564
8564
412
8564
204
8564
647
547
653
234
8564
204
513
8564
8564
234
8564
8564
8564
8564
204
513
513
8564
8564
647
547
653
8564
8564
8564
8564
216
513
675
1191
8564
8564
8564
8564
8564
204
8564
234
8564
204
513
8564
8564
234
8564
204
513
8564
8564
234
8564
8564
204
513
8564
8564
234
8564
8564
204
513
513
8564
8564
647
653
8564
8564
8564
8564
216
234
8564
8564
8564
8564
204
513
8564
8564
234
8564
204
513
8564
8564
8564
216
8564
8564
234
8564
204
513
8564
8564
234
8564
8564
8564
8564
204
8564
513
8564
8564
234
8564
204
513
513
8564
8564
647
547
653
8564
8564
8564
8564
216
8564
8564
8564
675
234
8564
8564
8564
8564
204
198
8564
8564
8564
8564
8564
204
8564
8564
204
8564
234
8564
8564
8564
204
8564
858
8564
8564
8564
198
8564
8564
8564
204
412
8564
204
8564
8564
234
8564
8564
8564
8564
8564
8564
204
412
8564
204
8564
8564
8564
8564
8564
8564
216
8564
8564
8564
8564
647
8564
204
8564
8564
8564
564
670
8564
8564
8564
216
647
8564
412
8564
8564
8564
8564
216
8564
8564
8564
8564
8564
8564
8564
8564
8564
8564
204
8564
8564
8564
8564
8564
513
8564
234
8564
8564
8564
8564
8564
8564
8564
204
8564
412
8564
204
547
198
8564
204
8564
8564
234
8564
216
8564
8564
612
8564
216
8564
257
8564
1345
1345
1345
1345
8564
1345
1345
1345
1345
1345
8564
1345
1345
8564
1345
1345
824
198
8564
204
293
8564
8564
8564
1622
8564
513
198
8564
204
8564
198
8564
204
8564
8564
8564
216
8564
1622
8564
513
198
204
8564
8564
216
8564
8564
198
8564
8564
8564
204
8564
8564
8564
8564
216
8564
8564
513
8564
8564
513
8564
8564
8564
8564
8564
216
8564
670
8564
630
8564
204
8564
564
630
204
513
547
765
513
547
513
8564
8564
8564
8564
216
513
8564
8564
8564
8564
760
8564
8564
8564
8564
204
8564
8564
8564
216
8564
8564
8564
513
8564
8564
8564
564
670
513
8564
8564
513
8564
8564
8564
8564
8564
8564
8564
8564
8564
198
8564
204
8564
8564
8564
8564
216
8564
8564
8564
8564
8564
8564
8564
8564
8564
4774
858
8564
8564
8564
204
8564
8564
3634
8564
216
8564
8564
4972
4774
858
8564
8564
216
8564
257
8564
1345
1345
1345
1345
1345
8564
1345
1345
1345
1345
1345
1345
1345
1345
1345
1345
1345
1345
1345
1345
1345
1345
1345
1345
1345
1345
1345
8564
1345
1345
1345
1345
1345
1345
1345
1345
1345
1345
8564
8564
8564
1345
1345
198
8564
198
204
8564
204
8564
8564
8564
216
8564
8564
8564
8564
204
8564
8564
8564
760
8564
8564
8564
204
8564
8564
8564
8564
513
670
8564
8564
8564
756
8564
8564
8564
204
8564
8564
756
8564
8564
8564
204
8564
412
8564
8564
8564
8564
8564
204
513
8564
513
8564
513
8564
513
8564
547
198
8564
8564
8564
8564
8564
8564
216
8564
8564
8564
8564
8564
8564
8564
8564
8564
8564
8564
8564
756
8564
8564
204
8564
8564
8564
8564
8564
198
8564
8564
8564
204
198
8564
204
8564
8564
8564
8564
8564
8564
8564
8564
8564
204
885
634
8564
8564
216
8564
8564
198
8564
8564
8564
204
8564
8564
8564
8564
8564
8564
8564
204
8564
8564
216
8564
8564
8564
513
8564
8564
234
8564
204
513
8564
8564
234
8564
204
8564
216
8564
8564
8564
8564
8564
8564
8564
8564
204
8564
198
8564
675
234
424
8564
204
8564
198
8564
8564
8564
204
8564
8564
8564
216
8564
8564
687
204
675
234
8564
204
513
8564
8564
8564
8564
412
412
8564
424
757
8564
8564
204
8564
8564
8564
8564
8564
8564
198
8564
8564
204
8564
8564
8564
216
8564
8564
8564
216
8564
412
8564
8564
204
8564
765
8564
771
8564
8564
8564
204
204
8564
8564
8564
216
251
810
670
251
204
8564
8564
8564
8564
8564
8564
760
8564
204
8564
8564
8564
216
8564
670
670
765
8564
8564
8564
8564
8564
8564
216
8564
8564
8564
765
8564
8564
513
8564
8564
412
8564
8564
8564
8564
8564
8564
8564
8564
8564
204
8564
8564
8564
670
513
412
8564
8564
204
513
8564
8564
8564
216
8564
8564
198
8564
8564
8564
8564
8564
8564
204
8564
513
8564
8564
765
513
8564
8564
513
8564
8564
513
8564
8564
8564
8564
204
8564
8564
8564
8564
8564
8564
8564
8564
216
8564
198
8564
810
8564
216
8564
8564
8564
8564
8564
8564
8564
8564
8564
8564
216
8564
8564
8564
198
8564
8564
8564
8564
8564
8564
204
8564
8564
8564
8564
8564
8564
8564
216
8564
8564
8564
8564
675
234
204
8564
513
8564
8564
8564
216
8564
204
513
8564
8564
8564
216
8564
8564
216
8564
257
8564
8564
257
8564
8564
257
8564
8564
257
8564
8564
257
8564
1345
1345
8564
8564
8564
198
8564
204
198
8564
204
8564
8564
8564
8564
8564
257
481
8564
1345
1345
1345
1345
1345
1345
1345
1345
1345
1345
1345
1345
198
858
198
424
8564
8564
204
675
8564
8564
216
8564
8564
8564
700
8564
204
8564
513
513
198
858
198
424
8564
8564
8564
8564
204
8564
8564
858
564
653
564
653
630
8564
8564
8564
8564
204
8564
8564
8564
8564
885
513
547
883
773
198
204
670
8564
8564
216
8564
8564
670
198
8564
8564
8564
8564
204
8564
8564
675
8564
216
513
513
630
8564
8564
8564
8564
204
8564
8564
8564
700
8564
204
513
412
8564
8564
8564
204
8564
257
8564
1345
8564
8564
760
8564
204
513
8564
8564
513
8564
8564
8564
513
8564
8564
513
8564
8564
513
8564
8564
8564
8564
513
8564
8564
760
8564
204
3635
8564
216
513
8564
8564
513
513
8564
8564
8564
216
8564
257
8564
8564
1345
1345
1345
1345
1345
1345
1345
1345
1345
1345
1345
1345
1345
1345
1345
1345
1345
1345
1345
1345
1345
1345
1345
1345
1345
1345
1345
8564
1345
1345
1345
1345
1345
1345
1345
1345
1345
1345
1345
1345
1345
1345
1345
1345
1345
8564
1345
513
8564
8564
513
8564
8564
670
513
8564
8564
771
8564
204
8564
513
8564
513
8564
513
8564
513
8564
513
8564
8564
513
8564
513
8564
472
513
8564
513
8564
8564
8564
216
8564
8564
8564
8564
8564
198
8564
8564
8564
8564
8564
204
8564
198
8564
8564
8564
8564
204
8564
670
8564
771
8564
204
8564
670
765
8564
8564
8564
8564
8564
8564
8564
670
8564
8564
8564
680
670
8564
8564
8564
216
8564
8564
513
8564
8564
8564
8564
8564
412
8564
8564
8564
8564
8564
204
8564
8564
8564
8564
8564
8564
8564
8564
8564
216
8564
8564
8564
8564
8564
765
8564
8564
8564
8564
8564
756
8564
8564
204
8564
8564
216
8564
8564
198
8564
204
670
251
8564
8564
204
8564
8564
8564
216
765
670
394
8564
8564
8564
8564
204
8564
8564
756
8564
204
513
771
204
8564
765
8564
765
670
8564
8564
8564
8564
8564
8564
670
8564
670
765
765
8564
765
8564
8564
8564
8564
8564
216
670
8564
765
670
8564
8564
216
765
670
771
8564
8564
8564
204
8564
8564
8564
8564
8564
8564
647
564
670
8564
8564
8564
234
8564
8564
8564
204
513
771
8564
8564
8564
204
8564
513
251
8564
204
8564
8564
8564
8564
204
8564
513
771
8564
8564
204
8564
8564
8564
8564
8564
647
564
670
8564
8564
8564
234
8564
8564
8564
8564
204
771
204
513
412
8564
8564
8564
8564
204
513
412
8564
8564
8564
8564
204
8564
8564
8564
8564
647
8564
8564
564
670
8564
8564
8564
234
8564
204
412
8564
8564
8564
8564
8564
204
8564
8564
8564
8564
513
8564
8564
8564
8564
216
8564
8564
8564
8564
8564
216
8564
513
8564
8564
647
564
670
8564
8564
8564
234
8564
8564
8564
8564
204
8564
8564
513
412
8564
204
8564
765
953
771
8564
8564
204
879
8564
670
496
771
8564
204
8564
8564
216
8564
765
513
496
204
670
8564
765
8564
8564
8564
8564
8564
8564
8564
8564
513
670
765
670
8564
8564
8564
8564
216
8564
771
8564
204
765
8564
8564
8564
8564
8564
8564
216
8564
8564
8564
8564
8564
8564
8564
765
8564
8564
8564
8564
216
8564
8564
513
8564
8564
8564
8564
216
8564
8564
8564
8564
8564
765
394
204
670
513
412
8564
8564
204
8564
765
496
8564
204
425
8564
8564
8564
8564
8564
204
8564
8564
8564
8564
513
670
8564
496
8564
8564
8564
8564
8564
204
8564
425
8564
8564
8564
8564
204
8564
513
8564
8564
8564
8564
8564
8564
8564
496
8564
8564
8564
8564
204
8564
8564
251
8564
8564
204
8564
8564
670
765
8564
8564
8564
8564
8564
8564
216
8564
765
765
670
8564
198
8564
599
8564
8564
8564
8564
8564
216
8564
8564
8564
8564
8564
771
8564
8564
8564
8564
8564
8564
204
8564
8564
765
8564
257
8564
1345
8564
4783
513
8564
8564
513
8564
8564
771
204
8564
8564
8564
216
765
8564
8564
8564
8564
8564
8564
8564
8564
216
8564
8564
8564
3634
3634
8564
8564
1345
513
8564
8564
513
8564
8564
765
251
8564
8564
204
4783
513
8564
8564
8564
8564
8564
8564
765
8564
8564
8564
8564
765
412
8564
204
8564
8564
513
8564
8564
765
251
8564
204
765
513
8564
8564
765
8564
670
8564
765
8564
8564
8564
8564
216
670
251
204
8564
8564
760
8564
204
8564
8564
8564
216
8564
670
8564
8564
8564
8564
216
8564
257
8564
1345
1345
1345
8564
513
8564
8564
8564
513
8564
8564
513
8564
8564
513
8564
8564
8564
198
8564
204
513
8564
513
8564
216
8564
8564
8564
765
8564
8564
8564
8564
251
204
513
8564
8564
8564
8564
8564
198
8564
204
8564
670
8564
8564
216
8564
257
8564
1345
1345
513
8564
8564
670
513
8564
8564
251
8564
204
8564
8564
8564
8564
8564
670
8564
8564
216
8564
198
8564
8564
204
8564
8564
216
8564
257
8564
1345
8564
4972
198
8564
204
8564
412
8564
811
8564
216
8564
257
8564
1345
1345
513
8564
8564
513
8564
8564
251
8564
8564
204
8564
513
8564
675
8564
8564
564
8564
8564
216
8564
198
8564
8564
204
8564
8564
216
8564
257
8564
513
8564
8564
513
8564
8564
765
513
8564
8564
771
204
4783
216
513
8564
8564
8564
257
8564
513
8564
8564
513
8564
8564
765
513
8564
8564
771
204
4783
216
513
8564
8564
8564
257
8564
513
8564
8564
513
8564
8564
765
513
8564
8564
771
204
4783
216
513
8564
8564
8564
257
8564
513
8564
8564
513
8564
8564
765
513
8564
8564
771
204
4783
216
513
8564
8564
756
8564
599
257
8564
1345
8564
630
612
547
653
257
8564
1345
513
630
8564
204
547
513
630
612
8564
216
8564
257
8564
547
513
630
612
547
653
257
8564
1345
8564
198
612
547
198
612
547
653
653
653
257
8564
1345
8564
630
612
547
198
612
547
653
653
653
257
8564
513
630
612
547
653
257
8564
513
630
612
547
653
257
8564
513
630
612
547
653
257
8564
513
630
612
547
653
257
8564
1345
513
631
513
630
424
8564
204
547
513
630
8564
612
8564
216
8564
257
8564
513
630
612
547
198
612
547
653
653
653
257
8564
513
630
612
547
653
257
8564
1345
513
630
8564
204
547
513
630
612
8564
216
8564
257
8564
513
630
513
810
257
8564
513
630
513
810
257
8564
1345
8564
8564
8564
8564
198
8564
198
204
8564
204
198
8564
8564
204
8564
8564
198
8564
811
8564
216
8564
8564
204
8564
8564
8564
216
8564
257
8564
8564
1345
8564
1345
8564
8564
198
8564
204
8564
8564
8564
8564
8564
194
564
513
8564
8564
8564
216
8564
257
8564
3722
1345
1345
1345
8564
1345
1345
3722
1345
1345
1345
1345
1345
8564
1345
1345
1345
1345
1345
1345
1345
1345
1345
1345
1345
1345
1345
4737
8564
8564
8564
201
8564
204
8564
8564
8564
8564
216
8564
201
204
8564
8564
234
8564
8564
204
8564
216
8564
8564
4972
198
8564
204
513
670
8564
8564
234
8564
612
8564
216
8564
670
513
8564
8564
760
8564
8564
204
198
293
8564
204
670
8564
8564
216
670
8564
8564
8564
756
8564
204
8564
8564
8564
204
8564
513
8564
8564
8564
198
204
513
8564
513
8564
513
8564
8564
513
8564
8564
513
8564
513
8564
513
8564
8564
8564
8564
8564
216
4783
8564
216
8564
513
8564
765
8564
8564
8564
670
513
765
8564
8564
8564
8564
513
8564
8564
8564
8564
8564
216
8564
8564
8564
8564
8564
198
8564
8564
8564
8564
8564
8564
204
8564
8564
8564
8564
8564
8564
8564
8564
8564
8564
8564
8564
8564
914
198
8564
204
8564
8564
198
8564
8564
204
198
8564
8564
8564
8564
204
8564
8564
8564
8564
8564
8564
8564
8564
8564
8564
756
8564
8564
204
8564
8564
8564
8564
4972
198
670
8564
204
513
8564
8564
8564
8564
216
670
8564
513
8564
8564
8564
8564
8564
8564
216
8564
760
8564
204
8564
8564
216
8564
8564
8564
216
8564
8564
8564
8564
198
8564
204
670
8564
8564
8564
216
8564
513
8564
8564
8564
8564
8564
216
8564
8564
8564
8564
8564
8564
8564
216
201
8564
8564
8564
8564
234
8564
8564
204
8564
8564
513
8564
513
8564
513
8564
8564
513
8564
8564
8564
8564
216
8564
8564
8564
8564
8564
8564
8564
1011
8564
8564
198
204
513
8564
216
234
513
204
8564
8564
670
8564
8564
513
670
8564
8564
234
8564
8564
8564
8564
8564
204
8564
8564
234
8564
8564
204
8564
8564
8564
670
8564
8564
216
8564
8564
234
8564
8564
8564
257
8564
1345
1345
1345
1345
1345
1345
1345
1345
1345
8564
8564
513
8564
8564
513
8564
8564
564
670
496
496
8564
8564
204
8564
8564
765
765
496
204
564
670
564
670
765
564
670
8564
8564
216
8564
8564
8564
8564
8564
8564
513
513
8564
8564
412
8564
8564
8564
8564
8564
204
564
670
670
564
670
8564
8564
216
8564
8564
8564
8564
513
513
8564
8564
8564
8564
412
8564
8564
8564
8564
8564
204
8564
8564
496
496
8564
8564
8564
204
670
765
8564
257
8564
1345
1345
1345
1345
1345
1345
1345
1345
1345
1345
1345
1345
1345
3722
1345
1345
1345
1345
8564
1345
8564
1345
1345
1345
1345
1345
1345
8564
1345
1345
1345
1345
3722
1345
1345
1345
1345
1345
1345
3722
1345
8564
3722
1345
1345
1345
1345
1345
8564
1345
8564
1345
1345
1345
1345
1345
1345
8564
1345
1345
1345
1345
3722
513
8564
8564
756
8564
204
8564
8564
198
513
8564
8564
204
513
8564
8564
198
204
8564
8564
216
8564
8564
216
8564
198
513
8564
8564
513
8564
8564
513
8564
8564
8564
8564
204
8564
201
8564
612
8564
216
8564
513
8564
8564
8564
8564
234
8564
204
513
8564
8564
216
234
8564
204
513
8564
8564
216
513
8564
216
883
513
8564
8564
8564
216
8564
513
8564
8564
8564
8564
216
8564
8564
1156
724
234
612
670
513
8564
8564
8564
216
8564
8564
8564
8564
8564
198
204
8564
8564
234
8564
8564
204
8564
513
8564
8564
496
204
8564
216
513
8564
8564
394
8564
204
8564
8564
216
513
8564
8564
198
8564
204
8564
8564
412
412
204
204
824
216
204
8564
216
8564
394
8564
8564
204
8564
564
670
8564
8564
8564
8564
234
204
431
8564
394
8564
8564
204
513
8564
8564
234
8564
204
8564
8564
216
8564
412
204
564
670
8564
8564
8564
8564
198
8564
204
513
8564
8564
8564
412
204
412
204
824
216
8564
216
8564
8564
216
8564
412
8564
204
8564
8564
412
8564
204
8564
8564
216
564
670
8564
8564
8564
8564
234
8564
204
513
8564
8564
234
8564
204
8564
198
8564
204
513
8564
8564
8564
216
198
8564
234
8564
612
670
8564
8564
216
8564
8564
234
8564
1971
198
204
8564
8564
564
670
8564
8564
513
8564
8564
234
8564
204
198
204
513
8564
8564
234
8564
8564
204
1011
8564
201
8564
204
8564
8564
216
8564
675
8564
216
8564
1011
8564
8564
1347
1156
8564
216
8564
8564
198
8564
8564
8564
8564
8564
204
765
513
8564
513
8564
513
8564
513
8564
198
8564
8564
8564
8564
8564
8564
8564
8564
8564
8564
216
8564
8564
8564
8564
8564
8564
8564
8564
8564
8564
8564
8564
8564
8564
8564
8564
8564
1011
8564
198
8564
8564
8564
8564
8564
8564
204
8564
8564
8564
8564
412
204
198
204
198
8564
8564
8564
8564
8564
8564
204
204
513
8564
8564
513
8564
8564
412
8564
204
513
8564
8564
513
8564
8564
412
8564
204
513
8564
8564
513
8564
8564
412
8564
8564
8564
8564
8564
204
8564
8564
8564
760
8564
204
198
8564
8564
8564
8564
8564
8564
204
8564
513
8564
8564
8564
3634
198
8564
8564
8564
8564
8564
8564
204
513
8564
8564
8564
8564
8564
8564
8564
8564
216
8564
8564
8564
8564
8564
8564
216
8564
8564
8564
8564
8564
1156
513
8564
8564
198
8564
8564
8564
8564
8564
8564
8564
8564
8564
8564
8564
8564
8564
8564
204
8564
8564
8564
8564
8564
8564
216
8564
8564
8564
8564
653
198
8564
204
8564
198
8564
204
8564
198
8564
204
198
204
513
8564
8564
216
201
8564
198
8564
424
204
8564
8564
8564
8564
564
670
8564
8564
513
8564
8564
513
8564
8564
513
8564
8564
513
8564
8564
8564
8564
8564
8564
8564
513
8564
8564
8564
513
8564
8564
513
8564
8564
8564
8564
513
8564
8564
8564
8564
8564
216
8564
8564
8564
8564
8564
8564
8564
8564
8564
8564
8564
8564
8564
513
8564
8564
198
8564
8564
8564
204
8564
8564
8564
8564
8564
8564
8564
8564
8564
216
198
424
204
513
8564
8564
8564
216
8564
564
670
8564
8564
8564
8564
513
8564
8564
513
8564
8564
513
8564
8564
513
8564
8564
8564
8564
8564
513
8564
8564
513
8564
8564
513
8564
8564
8564
8564
513
8564
8564
8564
8564
8564
216
8564
8564
8564
8564
8564
8564
513
8564
670
513
8564
8564
8564
198
8564
204
8564
513
8564
8564
8564
8564
198
8564
204
8564
513
8564
8564
8564
8564
3634
198
8564
204
513
513
8564
8564
8564
8564
234
204
198
204
431
8564
216
201
8564
204
8564
8564
564
670
8564
8564
8564
8564
8564
513
8564
8564
234
8564
204
513
8564
8564
513
8564
8564
513
8564
8564
513
8564
8564
8564
8564
513
8564
8564
513
8564
8564
513
8564
8564
8564
8564
513
8564
8564
8564
8564
216
8564
8564
513
8564
8564
513
8564
8564
513
8564
8564
513
8564
8564
647
8564
8564
8564
1011
8564
513
8564
8564
513
8564
8564
513
8564
8564
8564
8564
513
8564
8564
8564
8564
216
8564
513
8564
216
8564
8564
513
8564
8564
8564
670
513
8564
8564
8564
513
8564
8564
216
8564
216
198
8564
204
394
204
513
8564
564
670
8564
8564
8564
216
8564
8564
216
201
204
513
8564
8564
216
8564
8564
8564
8564
513
8564
8564
513
8564
8564
513
8564
8564
513
8564
8564
8564
8564
8564
513
8564
8564
513
8564
8564
513
8564
8564
8564
8564
513
8564
8564
8564
8564
216
8564
8564
8564
8564
670
513
8564
8564
8564
513
8564
8564
216
8564
234
8564
8564
204
8564
513
8564
8564
8564
670
198
8564
8564
204
8564
8564
8564
8564
216
198
204
564
670
8564
8564
513
8564
8564
234
204
513
8564
8564
513
8564
8564
8564
8564
8564
1011
513
8564
8564
513
8564
8564
8564
201
8564
204
201
204
8564
564
670
8564
8564
8564
8564
513
8564
8564
234
8564
204
513
8564
8564
513
8564
8564
513
8564
8564
513
8564
8564
8564
8564
513
8564
8564
513
8564
8564
513
8564
8564
8564
8564
513
8564
8564
8564
216
8564
8564
1011
513
8564
8564
513
8564
8564
513
8564
8564
513
8564
8564
8564
8564
8564
8564
513
8564
8564
513
8564
8564
513
8564
8564
8564
8564
513
8564
8564
8564
216
8564
513
8564
8564
513
8564
8564
216
8564
513
8564
8564
8564
1011
513
8564
8564
513
8564
8564
513
8564
8564
513
8564
8564
564
8564
8564
8564
8564
234
8564
204
8564
513
8564
216
724
681
201
8564
8564
204
201
204
8564
8564
8564
8564
8564
8564
8564
8564
513
8564
8564
513
8564
8564
513
8564
8564
8564
8564
513
8564
8564
8564
216
513
8564
8564
216
8564
8564
234
513
8564
8564
234
8564
204
204
8564
234
8564
204
513
8564
8564
216
412
8564
204
201
204
8564
8564
8564
8564
8564
8564
8564
8564
513
8564
8564
513
8564
8564
513
8564
8564
8564
8564
513
8564
8564
8564
216
513
8564
8564
8564
1011
234
8564
8564
204
513
8564
564
670
8564
8564
8564
216
8564
8564
8564
675
8564
216
8564
1011
8564
8564
1347
1156
8564
216
8564
8564
198
204
765
198
8564
8564
8564
8564
8564
8564
8564
216
8564
8564
8564
8564
8564
8564
8564
8564
8564
8564
8564
8564
8564
8564
198
8564
8564
8564
8564
204
8564
8564
8564
8564
412
204
198
204
8564
8564
8564
204
513
8564
8564
513
8564
8564
412
8564
8564
8564
8564
204
513
8564
8564
513
8564
8564
412
8564
8564
8564
8564
204
513
8564
8564
513
8564
8564
412
8564
757
8564
8564
8564
216
8564
8564
8564
8564
216
8564
8564
8564
513
8564
513
8564
8564
8564
198
8564
8564
8564
8564
8564
8564
204
198
204
201
204
8564
8564
8564
8564
8564
8564
8564
8564
513
8564
8564
513
8564
8564
513
8564
8564
8564
8564
513
8564
8564
8564
216
8564
8564
8564
8564
513
8564
670
8564
216
198
8564
8564
8564
8564
8564
204
8564
8564
8564
8564
8564
216
8564
8564
234
513
8564
8564
204
198
204
431
8564
216
201
204
8564
8564
8564
8564
8564
8564
8564
8564
8564
8564
8564
513
8564
8564
513
8564
8564
513
8564
8564
8564
8564
513
8564
8564
8564
216
8564
8564
8564
670
8564
216
198
8564
8564
204
8564
394
204
513
8564
564
670
8564
8564
8564
216
201
204
8564
8564
8564
8564
8564
8564
8564
8564
8564
8564
8564
513
8564
8564
513
8564
8564
513
8564
8564
8564
8564
513
8564
8564
8564
216
8564
8564
8564
670
8564
216
8564
8564
8564
8564
670
198
8564
8564
204
8564
8564
8564
216
8564
513
8564
8564
513
8564
8564
198
8564
204
8564
8564
8564
216
8564
8564
216
234
8564
8564
204
513
8564
8564
234
8564
8564
204
234
204
8564
513
8564
8564
8564
216
8564
8564
216
8564
234
204
513
8564
8564
8564
216
412
8564
204
201
204
8564
8564
8564
8564
8564
8564
8564
8564
513
8564
8564
513
8564
8564
513
8564
8564
8564
8564
513
8564
8564
8564
216
513
8564
8564
8564
234
472
8564
216
513
8564
564
670
8564
8564
8564
8564
216
8564
8564
8564
216
8564
564
8564
8564
216
8564
257
8564
8564
8564
8564
8564
8564
8564
8564
8564
8564
8564
8564
257
8564
8564
257
8564
1345
1345
1345
1345
1345
1345
1345
756
8564
8564
8564
8564
204
879
634
612
670
879
8564
8564
8564
216
8564
8564
8564
756
8564
8564
8564
8564
204
879
8564
879
634
612
670
879
8564
8564
8564
216
8564
8564
8564
198
8564
204
771
204
188
188
1137
641
188
728
194
8564
216
198
8564
198
612
810
749
188
188
1137
641
188
728
194
8564
216
771
204
6161
198
8564
204
8564
771
8564
8564
204
694
878
858
876
653
188
878
876
878
876
653
188
188
1137
641
728
194
191
194
188
192
965
2383
194
251
204
878
194
251
412
8564
8564
204
513
8564
216
8564
216
8564
198
879
810
257
8564
1345
1345
1345
1345
1345
1345
1345
1345
1345
1345
756
8564
8564
8564
8564
204
879
634
612
670
879
8564
8564
8564
216
8564
8564
8564
756
8564
8564
8564
204
879
634
612
670
879
8564
8564
216
8564
8564
198
8564
204
771
8564
8564
204
198
8564
198
612
810
749
8564
8564
216
8564
8564
188
188
1137
641
188
191
194
8564
216
771
8564
204
6161
198
8564
204
8564
251
8564
757
765
8564
216
694
878
858
876
653
878
876
878
876
653
878
188
188
1137
641
188
728
191
194
188
192
965
194
2383
194
251
204
412
251
8564
8564
8564
204
765
771
811
765
670
8564
8564
216
8564
8564
765
251
811
765
670
878
876
653
8564
216
8564
198
879
810
257
8564
1345
198
8564
204
771
204
188
188
1137
641
188
728
194
8564
216
198
8564
198
612
810
749
188
188
1137
641
188
728
194
8564
216
771
204
6161
198
8564
204
8564
771
8564
8564
204
694
878
858
876
653
188
878
876
878
876
653
188
188
1137
641
728
194
191
194
188
192
965
2383
194
251
204
878
194
251
412
8564
8564
204
513
8564
216
8564
216
8564
257
8564
1345
1345
1345
198
8564
204
771
204
188
188
1137
641
188
191
194
8564
216
198
8564
198
612
810
749
188
188
1137
641
188
191
194
8564
216
771
8564
204
6161
198
8564
204
8564
251
8564
757
765
8564
216
694
878
858
876
653
878
188
876
878
876
653
878
188
188
1137
641
728
191
194
188
192
965
194
2383
194
251
204
412
251
8564
8564
8564
204
765
771
811
765
670
8564
8564
216
8564
8564
765
251
811
765
670
878
876
653
8564
216
8564
257
8564
1345
8564
4783
824
481
8564
1345
8564
257
8564
1345
8564
4783
8564
8564
8564
257
8564
1345
8564
4783
8564
8564
257
8564
1345
8564
4783
8564
8564
8564
257
8564
1345
8564
4783
8564
8564
8564
257
8564
1345
8564
1345
4783
8564
8564
8564
257
8564
1345
1345
8564
8564
216
8564
8564
8564
198
513
8564
204
257
8564
1345
8564
4783
824
257
