8564
8564
8564
8564
8564
8564
8564
8564
8564
8564
8564
8564
8564
8564
8564
8564
8564
8564
8564
8564
8564
8564
8564
8564
8564
8564
8564
8564
8564
8564
8564
8564
8564
8564
8564
8564
8564
8564
8564
8564
8564
8564
8564
8564
8564
8564
8564
8564
8564
8564
8564
8564
8564
8564
8564
8564
8564
8564
8564
8564
8564
8564
8564
8564
8564
8564
8564
8564
8564
8564
8564
8564
8564
8564
8564
8564
8564
8564
8564
8564
8564
8564
8564
8564
8564
8564
8564
8564
8564
8564
8564
8564
8564
8564
8564
8564
8564
8564
8564
8564
8564
8564
8564
8564
8564
8564
8564
8564
8564
8564
8564
8564
8564
8564
8564
8564
8564
8564
8564
8564
8564
8564
8564
8564
8564
8564
8564
8564
8564
8564
8564
8564
8564
8564
8564
8564
8564
8564
8564
8564
8564
8564
8564
8564
8564
8564
8564
8564
8564
8564
8564
8564
8564
8564
8564
8564
8564
8564
8564
8564
8564
8564
8564
8564
8564
8564
8564
8564
8564
8564
8564
8564
8564
8564
8564
8564
8564
8564
8564
8564
8564
8564
8564
8564
8564
8564
8564
8564
8564
8564
8564
8564
8564
8564
8564
8564
8564
8564
8564
8564
8564
8564
8564
8564
8564
8564
8564
8564
8564
8564
8564
8564
8564
8564
8564
8564
8564
8564
8564
8564
8564
8564
8564
8564
8564
8564
8564
8564
8564
8564
8564
8564
8564
8564
8564
8564
8564
8564
8564
8564
8564
8564
8564
8564
8564
8564
8564
8564
8564
8564
8564
8564
8564
8564
8564
8564
8564
8564
8564
8564
8564
8564
8564
8564
8564
8564
8564
8564
8564
8564
8564
8564
8564
8564
8564
8564
8564
8564
8564
8564
8564
8564
8564
8564
8564
8564
8564
8564
8564
8564
8564
8564
8564
8564
8564
8564
8564
8564
8564
8564
8564
8564
8564
8564
8564
8564
8564
8564
8564
8564
8564
8564
8564
8564
8564
8564
8564
8564
8564
8564
8564
8564
8564
8564
8564
8564
8564
8564
8564
8564
8564
8564
8564
8564
8564
8564
8564
8564
8564
8564
8564
8564
8564
8564
8564
8564
8564
8564
8564
8564
8564
8564
8564
8564
8564
8564
8564
8564
8564
8564
8564
8564
8564
8564
8564
8564
8564
8564
8564
8564
8564
8564
8564
8564
8564
8564
8564
8564
8564
8564
8564
8564
8564
8564
8564
8564
8564
8564
8564
8564
8564
8564
8564
8564
8564
8564
8564
8564
8564
8564
8564
8564
8564
8564
8564
8564
8564
8564
8564
8564
8564
8564
8564
8564
8564
8564
8564
8564
8564
8564
8564
8564
8564
8564
8564
8564
8564
8564
8564
8564
8564
8564
8564
8564
8564
8564
8564
8564
8564
8564
8564
8564
8564
8564
8564
8564
8564
8564
8564
8564
8564
8564
8564
8564
8564
8564
8564
8564
8564
8564
8564
8564
8564
8564
8564
8564
8564
8564
8564
8564
8564
8564
8564
8564
8564
8564
8564
8564
8564
8564
8564
8564
8564
8564
8564
8564
8564
8564
8564
8564
8564
8564
8564
8564
8564
8564
8564
8564
8564
8564
8564
8564
8564
8564
8564
8564
8564
8564
8564
8564
8564
8564
8564
8564
8564
8564
8564
8564
8564
8564
8564
8564
8564
8564
8564
8564
8564
8564
8564
8564
8564
8564
8564
8564
8564
8564
8564
8564
8564
8564
8564
8564
8564
8564
8564
8564
8564
8564
8564
8564
8564
8564
8564
8564
8564
8564
8564
8564
8564
8564
8564
8564
8564
8564
8564
8564
3502
8564
8564
8564
8564
8564
8564
8564
8564
8564
8564
8564
8564
8564
48
8564
8564
8564
3502
8564
8564
8564
8564
8564
3502
3502
8564
8564
48
3502
8564
8564
8564
8564
8564
8564
8564
8564
8564
8564
8564
8564
8564
3502
3502
8564
8564
8564
8564
8564
8564
8564
8564
8564
8564
8564
8564
8564
8564
8564
8564
8564
8564
8564
8564
8564
8564
8564
1345
8564
4783
513
8564
8564
198
204
231
216
824
824
257
8564
8564
8564
8564
4783
257
8564
4846
257
8564
824
257
8564
8564
257
8564
8564
8564
8564
8564
257
8564
8564
257
8564
4846
257
8564
8564
257
8564
8564
257
8564
4783
257
8564
4739
263
8564
8564
1065
8564
3634
263
8564
3776
315
8564
8564
1065
8564
824
257
8564
8564
315
8564
8564
257
8564
8564
257
8564
4783
257
8564
8564
257
8564
8564
315
8564
8564
8564
8564
824
257
8564
8564
8564
8564
8564
257
8564
824
257
8564
3776
315
8564
8564
263
8564
8564
257
8564
4783
257
8564
8564
257
8564
8564
8564
8564
215
263
8564
8564
257
8564
824
257
8564
8564
257
8564
8564
1137
505
2298
8564
8564
257
8564
5012
315
8564
8564
257
8564
824
257
8564
824
257
8564
8564
257
8564
8564
257
8564
3776
315
8564
8564
1065
8564
8564
1065
8564
4972
257
8564
824
257
8564
657
315
8564
4783
257
8564
4739
263
8564
824
257
8564
8564
257
8564
8564
257
8564
8564
257
8564
8564
257
8564
8564
315
8564
4972
257
8564
8564
257
8564
8564
257
8564
8564
257
8564
8564
257
8564
8564
257
8564
4846
257
8564
8564
257
8564
824
257
8564
4783
257
8564
8564
1065
8564
8564
257
8564
8564
8564
8564
4783
257
8564
8564
1065
8564
8564
1065
8564
8564
1137
505
2298
8564
8564
257
8564
8564
497
8564
8564
257
8564
8564
257
8564
8564
257
8564
4783
257
8564
4783
257
8564
5012
315
8564
824
257
8564
8564
257
8564
8564
263
8564
8564
257
8564
4923
315
8564
8564
315
8564
8564
257
8564
657
315
8564
8564
257
8564
8564
263
8564
8564
257
8564
8564
257
8564
5012
315
8564
8564
257
8564
8564
257
8564
4783
257
8564
8564
257
8564
231
263
8564
8564
257
8564
8564
257
8564
8564
257
8564
8564
315
8564
8564
8564
8564
4783
257
8564
8564
8564
8564
8564
257
8564
8564
1065
8564
231
263
8564
1345
8564
1345
8564
1622
8564
824
232
8564
1345
8564
257
8564
481
8564
481
8564
1345
1345
8564
8564
234
8564
204
8564
8564
8564
8564
204
8564
513
8564
8564
8564
204
8564
216
824
8564
257
257
8564
824
257
8564
8564
8564
4783
8564
8564
8564
8564
257
8564
8564
8564
3722
8564
8564
1345
3722
1345
1345
1345
1345
1345
1345
1345
1345
1345
1345
1345
1345
1345
1345
1345
1345
1345
8564
8564
513
8564
8564
8564
8564
8564
8564
8564
8564
216
8564
8564
8564
8564
756
204
513
8564
948
8564
513
8564
8564
513
8564
8564
513
8564
8564
8564
216
198
8564
8564
8564
204
198
8564
204
8564
8564
513
8564
8564
513
8564
8564
513
8564
8564
8564
216
198
8564
204
513
8564
8564
824
8564
216
513
8564
8564
513
8564
8564
513
8564
8564
8564
216
8564
8564
513
8564
8564
513
8564
8564
513
8564
8564
8564
216
8564
513
8564
8564
513
8564
8564
513
8564
8564
8564
216
8564
8564
8564
8564
216
8564
513
8564
8564
513
8564
8564
513
8564
8564
8564
216
513
8564
8564
8564
216
513
8564
8564
8564
216
8564
513
8564
8564
513
8564
8564
8564
216
8564
8564
513
8564
8564
513
8564
8564
513
8564
8564
8564
216
8564
8564
513
8564
8564
513
8564
8564
513
8564
8564
8564
216
8564
513
8564
8564
513
8564
8564
513
8564
8564
8564
198
8564
8564
8564
204
8564
8564
513
8564
8564
513
8564
8564
513
8564
8564
8564
216
8564
8564
513
8564
8564
513
8564
8564
513
8564
8564
8564
216
8564
8564
8564
216
8564
513
8564
8564
8564
216
8564
8564
8564
824
8564
8564
8564
8564
216
513
8564
8564
8564
8564
216
198
8564
204
8564
198
8564
204
513
8564
8564
513
8564
8564
8564
198
8564
204
8564
8564
198
8564
8564
204
8564
513
8564
8564
765
756
8564
204
513
8564
8564
564
670
8564
8564
513
8564
8564
513
8564
8564
513
8564
8564
8564
513
198
8564
204
198
8564
204
513
8564
8564
8564
198
8564
8564
204
8564
198
8564
204
513
8564
8564
513
8564
8564
8564
198
204
8564
8564
8564
201
8564
8564
204
824
8564
8564
8564
204
8564
513
8564
8564
8564
216
8564
513
8564
8564
8564
8564
8564
8564
8564
8564
198
8564
8564
204
8564
8564
8564
216
8564
8564
8564
8564
216
8564
8564
8564
216
8564
198
204
8564
8564
198
8564
8564
204
824
216
198
8564
8564
204
824
8564
216
8564
513
8564
8564
8564
8564
481
513
8564
8564
8564
8564
8564
8564
8564
8564
216
8564
198
8564
513
8564
8564
513
8564
204
8564
513
8564
8564
8564
8564
8564
8564
8564
513
8564
8564
564
513
670
8564
8564
8564
8564
216
8564
8564
8564
8564
8564
8564
8564
8564
216
8564
8564
8564
513
8564
8564
8564
8564
216
8564
513
8564
8564
8564
8564
8564
8564
8564
8564
8564
216
8564
8564
8564
8564
8564
8564
8564
8564
8564
216
8564
8564
8564
232
8564
8564
8564
232
8564
8564
8564
8564
8564
8564
216
8564
8564
8564
3634
8564
8564
318
3634
8564
8564
8564
8564
8564
3634
8564
8564
8564
8564
8564
824
824
824
8564
8564
8564
8564
824
257
8564
1345
1345
8564
1345
1345
1345
1345
1345
1345
1345
8564
1345
513
8564
8564
8564
8564
216
8564
8564
8564
8564
513
8564
8564
198
8564
204
513
8564
8564
198
204
513
513
8564
8564
634
612
670
8564
8564
216
8564
8564
513
513
8564
8564
8564
8564
216
8564
8564
198
8564
8564
8564
204
8564
8564
670
8564
771
204
8564
564
8564
216
513
8564
670
8564
771
8564
204
8564
564
8564
8564
8564
216
670
8564
670
8564
771
204
8564
8564
8564
8564
216
8564
8564
8564
8564
513
8564
216
8564
8564
8564
198
8564
204
513
8564
8564
198
8564
204
513
8564
8564
198
204
8564
8564
513
8564
8564
513
8564
8564
564
670
513
8564
8564
8564
8564
8564
8564
8564
8564
8564
198
204
513
630
204
8564
8564
8564
564
670
8564
8564
724
234
204
8564
513
8564
8564
675
670
8564
8564
513
8564
8564
198
204
513
8564
8564
670
8564
8564
216
513
8564
8564
198
204
513
8564
8564
198
204
8564
564
670
8564
8564
513
8564
8564
198
8564
612
513
8564
8564
513
8564
8564
8564
513
8564
8564
513
8564
216
513
8564
8564
216
8564
8564
8564
670
8564
8564
8564
564
8564
670
8564
8564
8564
257
8564
8564
8564
8564
8564
8564
756
204
409
198
8564
204
824
216
198
8564
204
824
216
257
198
8564
204
824
216
824
216
527
232
8564
1345
8564
1345
1345
1345
1345
1345
1345
1345
1345
1345
8564
1345
1345
1345
1345
1345
1345
1345
1345
1345
1345
1345
1345
1345
1345
1345
8564
564
670
8564
8564
198
8564
204
513
8564
8564
198
204
8564
8564
8564
513
251
810
564
513
670
8564
8564
216
8564
513
251
8564
8564
204
8564
8564
8564
724
234
513
8564
8564
8564
8564
204
8564
513
8564
8564
8564
234
8564
8564
204
8564
8564
8564
771
204
513
8564
8564
8564
8564
8564
216
513
8564
513
8564
513
8564
513
8564
513
8564
513
8564
8564
8564
8564
8564
216
8564
8564
8564
8564
670
8564
8564
513
630
204
8564
8564
8564
8564
564
670
8564
8564
724
234
8564
204
8564
8564
8564
8564
8564
8564
216
8564
8564
8564
8564
8564
216
8564
198
8564
8564
8564
204
8564
8564
8564
8564
8564
670
8564
8564
8564
8564
8564
216
8564
8564
8564
8564
8564
8564
8564
198
8564
8564
8564
8564
204
8564
8564
8564
8564
8564
8564
216
8564
8564
513
513
412
8564
8564
8564
8564
8564
204
8564
771
8564
8564
8564
8564
204
8564
513
8564
8564
564
513
670
8564
8564
216
8564
8564
8564
8564
198
8564
204
513
513
412
8564
8564
8564
204
8564
8564
216
513
8564
8564
198
204
8564
8564
8564
8564
8564
8564
8564
8564
234
204
8564
8564
8564
8564
8564
8564
8564
216
8564
513
8564
216
198
204
8564
8564
8564
8564
216
8564
8564
8564
8564
8564
8564
8564
8564
216
8564
8564
8564
8564
771
8564
8564
204
8564
564
513
765
8564
513
8564
513
8564
513
8564
8564
8564
8564
216
8564
8564
8564
8564
670
8564
8564
198
8564
204
198
8564
204
8564
8564
8564
8564
8564
670
8564
8564
8564
216
8564
8564
8564
8564
8564
8564
198
8564
8564
204
8564
8564
8564
216
8564
513
513
198
8564
8564
8564
8564
8564
204
8564
8564
198
8564
204
513
8564
8564
216
513
8564
8564
513
8564
8564
8564
8564
216
8564
8564
513
8564
8564
8564
8564
513
8564
8564
513
8564
8564
564
513
670
8564
8564
8564
8564
234
8564
204
513
8564
8564
8564
8564
8564
8564
8564
8564
8564
8564
216
8564
257
8564
1345
1345
8564
8564
513
8564
8564
198
8564
204
8564
8564
8564
234
204
8564
216
8564
8564
216
8564
257
8564
1345
8564
1345
1345
1345
1345
1345
1345
1345
1345
8564
8564
8564
8564
1345
8564
8564
8564
8564
8564
8564
8564
8564
675
234
424
204
8564
8564
216
8564
8564
8564
8564
8564
8564
8564
675
234
424
204
8564
8564
8564
8564
216
8564
4783
8564
513
8564
8564
547
8564
8564
201
204
513
8564
8564
216
8564
513
8564
513
8564
513
8564
513
8564
8564
8564
8564
216
8564
8564
8564
564
670
8564
8564
198
8564
8564
8564
204
513
8564
8564
198
8564
8564
8564
204
513
8564
8564
634
612
670
564
670
8564
8564
216
8564
8564
771
8564
8564
8564
204
8564
8564
8564
8564
198
8564
204
513
8564
8564
198
8564
204
513
8564
8564
198
8564
8564
204
513
513
412
8564
8564
8564
8564
204
8564
765
8564
8564
8564
8564
8564
513
8564
8564
251
8564
204
8564
8564
8564
8564
216
201
8564
204
8564
8564
8564
201
8564
204
8564
8564
8564
8564
234
8564
8564
198
424
204
513
8564
8564
8564
8564
8564
8564
8564
8564
8564
513
8564
8564
8564
8564
8564
8564
8564
8564
8564
8564
8564
216
8564
198
204
8564
8564
8564
216
513
8564
8564
8564
8564
8564
8564
8564
8564
8564
513
8564
8564
8564
8564
8564
8564
8564
8564
8564
8564
8564
8564
8564
8564
8564
8564
8564
513
8564
8564
8564
8564
8564
8564
257
8564
1345
1345
1345
1345
1345
1345
1345
1345
1345
1345
1345
8564
8564
201
8564
204
8564
234
8564
204
8564
513
8564
513
8564
513
8564
513
8564
513
8564
8564
216
8564
8564
198
8564
8564
8564
810
8564
8564
8564
8564
630
8564
8564
8564
204
8564
8564
8564
513
8564
8564
633
4620
4804
687
8564
8564
8564
204
8564
8564
8564
8564
8564
8564
216
8564
8564
8564
8564
412
8564
204
8564
8564
8564
8564
198
8564
204
513
8564
8564
198
8564
8564
8564
8564
204
8564
670
8564
513
8564
8564
198
8564
8564
8564
234
204
204
513
8564
8564
8564
8564
8564
8564
8564
216
8564
204
8564
8564
513
8564
8564
8564
8564
8564
198
8564
204
8564
8564
8564
681
234
8564
8564
204
513
8564
8564
8564
8564
8564
8564
216
8564
8564
8564
234
8564
513
8564
204
513
513
8564
8564
8564
216
8564
198
204
8564
8564
8564
8564
8564
8564
216
8564
8564
8564
8564
8564
8564
8564
8564
8564
8564
8564
8564
8564
8564
198
8564
204
8564
8564
8564
8564
8564
8564
8564
216
8564
198
204
8564
8564
8564
8564
8564
8564
216
8564
8564
8564
8564
8564
8564
8564
8564
8564
8564
8564
8564
8564
8564
8564
8564
8564
8564
8564
216
8564
198
204
8564
8564
8564
8564
8564
8564
216
8564
8564
8564
8564
8564
8564
8564
8564
8564
8564
8564
8564
8564
8564
8564
216
8564
8564
8564
8564
8564
8564
8564
8564
8564
8564
8564
216
8564
547
647
653
234
8564
8564
204
8564
257
8564
198
8564
8564
8564
810
198
204
8564
8564
8564
8564
8564
8564
216
8564
8564
8564
8564
8564
8564
8564
8564
8564
8564
8564
8564
216
8564
1345
1345
1345
1345
1345
1345
1345
1345
1345
1345
1345
1345
1345
1345
1345
1345
1345
1345
1345
1345
8564
8564
8564
8564
1345
8564
8564
8564
8564
8564
8564
8564
8564
8564
8564
8564
8564
8564
8564
201
8564
204
8564
8564
513
8564
8564
8564
216
8564
8564
8564
513
8564
8564
513
630
8564
204
8564
8564
8564
564
670
8564
8564
724
234
8564
204
8564
8564
198
8564
8564
204
564
670
8564
8564
513
8564
216
8564
513
513
412
8564
8564
8564
8564
204
198
8564
8564
204
8564
8564
8564
513
8564
513
8564
8564
216
8564
8564
564
670
8564
8564
564
670
8564
8564
8564
8564
8564
513
412
8564
8564
204
8564
8564
8564
8564
8564
8564
8564
8564
216
8564
198
513
8564
8564
8564
204
8564
513
513
8564
8564
513
8564
8564
8564
216
8564
8564
513
8564
8564
513
630
204
8564
8564
8564
564
670
8564
8564
724
234
8564
204
8564
8564
198
204
8564
8564
564
670
8564
8564
513
8564
216
513
513
412
8564
8564
8564
204
8564
198
8564
8564
8564
204
513
8564
8564
513
8564
8564
8564
513
8564
8564
513
8564
8564
8564
513
8564
8564
8564
216
8564
8564
8564
564
670
8564
8564
8564
564
670
513
8564
8564
8564
8564
8564
8564
8564
8564
8564
8564
8564
8564
8564
8564
8564
8564
8564
8564
8564
8564
8564
8564
8564
8564
8564
8564
8564
8564
8564
8564
513
8564
412
8564
8564
8564
8564
204
8564
8564
201
8564
204
8564
8564
513
513
8564
8564
8564
8564
8564
216
8564
8564
8564
8564
8564
198
8564
204
564
670
8564
8564
513
8564
216
8564
513
513
412
8564
8564
8564
8564
204
198
8564
204
513
8564
8564
513
8564
8564
513
8564
8564
8564
513
8564
8564
8564
513
8564
8564
8564
216
8564
8564
8564
564
670
8564
8564
564
513
670
8564
8564
198
8564
204
8564
8564
8564
8564
8564
8564
216
8564
8564
8564
8564
8564
8564
8564
8564
513
8564
8564
8564
8564
8564
8564
198
204
8564
8564
8564
8564
8564
8564
8564
8564
8564
216
8564
8564
8564
8564
8564
513
8564
412
8564
8564
8564
204
8564
513
8564
8564
8564
513
8564
8564
8564
8564
8564
8564
8564
8564
8564
564
670
8564
8564
8564
8564
564
670
8564
8564
765
257
8564
8564
8564
8564
8564
8564
564
513
670
8564
8564
8564
564
670
8564
8564
8564
4846
257
8564
8564
198
8564
8564
8564
810
8564
8564
8564
8564
8564
8564
8564
257
8564
1345
1345
1345
513
8564
216
8564
513
8564
8564
724
234
513
8564
8564
204
513
8564
216
8564
513
8564
8564
724
234
513
8564
8564
204
513
8564
8564
513
630
204
8564
8564
8564
564
670
8564
8564
724
234
204
513
8564
8564
513
630
204
564
670
8564
8564
724
234
8564
204
8564
8564
198
8564
204
8564
8564
198
8564
204
8564
8564
4846
8564
216
765
8564
216
8564
257
8564
8564
8564
8564
513
201
810
8564
8564
198
472
670
8564
8564
257
8564
1345
1345
8564
1345
1345
1345
1345
8564
8564
1345
1345
1345
1345
1345
1345
1345
1345
1345
1345
1345
1345
1345
1345
1345
1345
1345
1345
1345
1345
1345
1345
1345
1345
1345
1345
1345
8564
8564
1345
1345
1345
1345
1345
1345
1345
1345
1345
1345
1345
8564
1345
1345
8564
8564
1345
8564
1345
8564
1345
8564
1345
3722
1345
3722
1345
1345
1345
1345
8564
1345
8564
1345
1345
3722
8564
1345
3722
1345
8564
1345
1345
1345
1345
1345
1345
1345
1345
1345
1345
1345
1345
1345
8564
1345
1345
1345
1345
8564
1345
1345
1345
1345
1345
1345
8564
8564
1345
1345
1345
1345
1345
1345
8564
8564
8564
8564
8564
8564
1345
8564
8564
1345
8564
8564
1345
1345
8564
1345
1345
1345
1345
1345
1345
1345
1345
1345
1345
1345
1345
1345
1345
1345
1345
1345
1345
1345
1345
1345
1345
1345
8564
198
8564
204
8564
513
513
513
8564
8564
8564
8564
8564
8564
8564
8564
8564
8564
8564
513
252
8564
8564
513
8564
8564
513
8564
8564
513
8564
8564
513
8564
8564
513
8564
8564
513
8564
8564
8564
647
8564
8564
8564
8564
8564
216
8564
8564
8564
8564
8564
1168
8564
8564
513
8564
8564
564
513
670
513
8564
8564
771
8564
8564
8564
8564
204
8564
513
8564
8564
630
204
513
8564
8564
8564
8564
216
8564
564
630
8564
757
564
513
513
8564
8564
8564
760
8564
8564
8564
8564
204
8564
765
949
513
8564
8564
431
564
513
8564
8564
8564
513
8564
8564
8564
8564
564
513
858
8564
4774
513
8564
8564
1133
670
564
8564
513
8564
8564
8564
8564
8564
8564
564
513
4774
513
8564
8564
564
670
564
8564
8564
513
8564
8564
8564
8564
8564
513
412
204
8564
8564
216
8564
198
8564
204
8564
547
670
8564
564
670
513
8564
8564
564
670
8564
513
496
204
8564
8564
8564
8564
8564
8564
8564
216
8564
8564
8564
8564
8564
198
8564
8564
204
8564
198
204
513
8564
8564
8564
8564
8564
234
8564
8564
204
8564
198
8564
8564
8564
204
8564
198
8564
204
824
8564
8564
8564
8564
216
8564
8564
756
204
630
8564
204
8564
8564
8564
647
8564
216
8564
8564
198
8564
8564
8564
204
513
8564
8564
513
8564
8564
8564
8564
513
8564
8564
8564
8564
8564
8564
8564
8564
8564
8564
8564
8564
8564
216
8564
8564
198
8564
8564
8564
8564
204
1011
8564
8564
8564
695
630
8564
8564
204
8564
8564
8564
1011
412
8564
8564
8564
204
8564
8564
8564
1011
4637
204
513
8564
8564
513
8564
8564
513
198
757
8564
8564
198
513
8564
8564
8564
8564
204
8564
8564
8564
8564
513
8564
8564
8564
513
252
8564
8564
8564
8564
8564
513
252
8564
8564
8564
8564
513
8564
8564
8564
513
8564
8564
8564
8564
8564
8564
8564
8564
216
8564
8564
8564
8564
8564
647
234
513
8564
8564
8564
8564
8564
204
8564
8564
8564
513
8564
8564
8564
8564
8564
647
694
564
670
8564
8564
8564
8564
513
252
8564
8564
513
8564
8564
234
204
626
670
513
8564
8564
513
8564
8564
8564
8564
8564
8564
513
252
8564
8564
513
8564
8564
513
8564
8564
513
8564
8564
8564
8564
216
513
8564
8564
8564
513
8564
8564
198
513
8564
204
8564
8564
513
8564
513
252
8564
8564
8564
8564
8564
8564
8564
198
8564
8564
8564
8564
204
756
204
513
8564
8564
513
8564
8564
8564
8564
8564
8564
8564
216
513
8564
8564
513
8564
8564
513
8564
8564
8564
8564
513
252
8564
8564
8564
8564
8564
513
8564
8564
8564
216
8564
513
8564
252
8564
8564
513
8564
8564
513
8564
8564
670
513
8564
8564
8564
198
8564
204
8564
513
513
8564
8564
8564
8564
8564
8564
8564
8564
8564
8564
8564
8564
8564
8564
8564
8564
8564
8564
8564
8564
8564
8564
8564
8564
8564
8564
8564
8564
8564
8564
8564
8564
8564
8564
8564
8564
8564
8564
8564
8564
8564
8564
8564
8564
8564
8564
8564
8564
8564
8564
8564
8564
8564
8564
8564
8564
8564
8564
8564
8564
8564
8564
8564
8564
8564
8564
8564
8564
8564
8564
8564
8564
8564
8564
8564
8564
824
198
8564
204
8564
513
8564
8564
8564
8564
8564
8564
8564
216
198
630
599
757
8564
8564
513
8564
513
8564
8564
513
8564
8564
8564
198
204
198
8564
8564
8564
204
513
8564
8564
8564
8564
8564
216
513
8564
8564
513
8564
8564
8564
8564
513
8564
8564
8564
8564
8564
216
694
513
8564
8564
8564
8564
8564
216
513
8564
8564
513
412
204
8564
8564
216
513
8564
8564
8564
8564
8564
8564
760
204
8564
8564
8564
8564
8564
216
8564
8564
8564
8564
8564
198
8564
8564
8564
8564
204
8564
8564
513
8564
513
252
8564
8564
8564
8564
8564
8564
8564
8564
8564
8564
216
198
8564
8564
8564
204
8564
8564
8564
513
8564
8564
513
8564
513
8564
8564
8564
8564
8564
8564
8564
8564
8564
8564
8564
8564
8564
216
8564
8564
8564
8564
8564
8564
8564
8564
8564
8564
8564
8564
8564
513
8564
8564
8564
8564
513
8564
513
8564
8564
8564
8564
216
8564
8564
8564
8564
670
8564
8564
8564
4637
204
681
234
8564
8564
204
1011
8564
8564
8564
234
4637
8564
8564
8564
204
8564
412
204
513
8564
8564
8564
8564
252
8564
8564
8564
8564
8564
8564
8564
8564
8564
8564
8564
513
670
8564
8564
8564
198
204
824
216
689
8564
513
8564
513
8564
8564
8564
216
647
8564
8564
513
8564
8564
8564
8564
8564
564
513
670
252
8564
8564
8564
8564
8564
513
252
8564
8564
8564
8564
513
8564
8564
8564
513
8564
8564
513
8564
8564
8564
8564
8564
8564
513
252
8564
8564
513
8564
8564
513
513
8564
8564
513
8564
8564
8564
8564
252
8564
8564
513
513
8564
8564
8564
8564
513
252
8564
8564
8564
8564
8564
8564
8564
8564
8564
198
8564
513
8564
8564
204
8564
8564
8564
8564
8564
8564
8564
216
8564
8564
8564
8564
8564
8564
8564
8564
8564
8564
8564
8564
8564
216
8564
564
8564
8564
8564
4108
513
513
8564
8564
513
8564
8564
513
8564
8564
8564
8564
513
8564
8564
8564
8564
8564
234
204
8564
513
513
8564
8564
564
513
670
513
8564
8564
564
513
670
513
8564
8564
8564
513
8564
8564
8564
216
8564
8564
8564
8564
8564
8564
8564
8564
8564
8564
8564
8564
8564
8564
8564
8564
8564
8564
513
513
8564
8564
513
8564
879
412
8564
8564
204
8564
8564
8564
8564
8564
216
8564
8564
8564
8564
8564
8564
8564
216
513
8564
8564
824
8564
8564
216
8564
513
513
8564
8564
513
8564
8564
513
8564
8564
513
8564
8564
8564
8564
8564
216
8564
8564
8564
198
8564
8564
8564
8564
204
824
8564
8564
8564
8564
216
513
8564
8564
8564
216
8564
8564
8564
513
8564
8564
8564
216
8564
513
513
8564
8564
8564
8564
216
8564
513
8564
8564
513
8564
8564
513
8564
8564
8564
8564
8564
8564
8564
8564
216
513
8564
8564
8564
8564
8564
513
8564
8564
8564
8564
8564
216
513
8564
8564
8564
8564
8564
513
8564
8564
8564
8564
8564
216
8564
513
8564
8564
8564
8564
8564
8564
216
8564
8564
8564
513
8564
8564
513
8564
8564
513
8564
8564
513
8564
8564
8564
198
204
513
8564
8564
8564
8564
8564
8564
8564
513
8564
8564
8564
8564
8564
8564
8564
8564
8564
513
8564
8564
8564
8564
216
8564
513
8564
8564
8564
8564
513
8564
8564
8564
8564
8564
8564
8564
8564
216
8564
8564
8564
513
8564
8564
513
8564
8564
8564
8564
8564
216
513
8564
513
8564
8564
513
8564
8564
513
8564
8564
8564
8564
8564
216
8564
8564
8564
513
8564
8564
8564
8564
8564
8564
216
8564
8564
513
8564
8564
8564
8564
8564
8564
216
8564
8564
8564
513
8564
8564
513
8564
8564
8564
513
513
8564
8564
8564
8564
8564
513
8564
8564
8564
8564
8564
216
824
8564
8564
8564
8564
216
513
8564
8564
824
8564
513
8564
8564
564
8564
8564
8564
513
8564
8564
8564
8564
8564
8564
8564
8564
564
8564
8564
8564
8564
8564
8564
8564
216
8564
513
8564
8564
8564
8564
8564
8564
216
513
8564
8564
513
8564
8564
8564
8564
8564
513
8564
8564
8564
216
513
8564
8564
8564
8564
8564
513
8564
8564
513
8564
8564
8564
198
204
8564
8564
8564
198
204
513
8564
8564
8564
8564
8564
8564
8564
8564
8564
8564
8564
8564
8564
8564
8564
8564
8564
216
8564
8564
564
670
513
8564
8564
8564
513
8564
513
252
8564
8564
513
8564
8564
8564
8564
8564
8564
8564
8564
8564
8564
198
204
824
216
564
564
765
8564
765
8564
8564
564
670
8564
8564
8564
689
8564
8564
8564
8564
8564
8564
8564
8564
8564
8564
8564
8564
216
8564
513
8564
8564
8564
8564
8564
8564
8564
8564
513
8564
8564
8564
8564
8564
216
8564
8564
8564
8564
252
8564
8564
8564
8564
8564
216
513
8564
8564
8564
8564
8564
513
8564
8564
513
8564
8564
513
8564
8564
8564
216
8564
513
8564
8564
513
8564
8564
513
8564
8564
513
8564
8564
513
8564
8564
513
8564
8564
8564
216
8564
8564
8564
8564
216
8564
8564
513
8564
8564
513
513
8564
8564
8564
8564
216
8564
8564
8564
8564
8564
8564
8564
8564
8564
8564
216
513
8564
8564
8564
216
513
8564
8564
8564
216
8564
8564
513
8564
8564
513
513
8564
8564
513
8564
8564
8564
8564
513
8564
8564
8564
8564
8564
8564
216
8564
8564
513
8564
8564
8564
8564
216
8564
513
8564
8564
513
8564
8564
8564
8564
216
513
8564
8564
8564
8564
8564
513
8564
8564
513
8564
8564
513
8564
8564
8564
198
8564
8564
8564
204
8564
8564
8564
8564
198
8564
8564
204
8564
8564
8564
513
8564
8564
513
8564
8564
513
8564
8564
513
8564
8564
8564
8564
8564
8564
8564
8564
996
8564
8564
8564
513
8564
8564
8564
198
8564
204
198
8564
8564
204
8564
8564
513
8564
8564
513
8564
8564
513
8564
8564
513
8564
8564
8564
216
8564
8564
513
8564
8564
513
8564
8564
513
8564
8564
513
8564
8564
8564
8564
8564
216
8564
8564
513
8564
8564
513
8564
8564
8564
216
8564
8564
8564
8564
8564
216
513
8564
8564
8564
8564
8564
8564
8564
8564
8564
8564
8564
252
8564
8564
8564
8564
8564
216
8564
8564
8564
216
8564
513
8564
8564
513
8564
8564
8564
8564
8564
8564
8564
8564
8564
8564
8564
8564
216
8564
8564
8564
8564
8564
8564
8564
8564
8564
216
513
8564
8564
513
8564
8564
8564
8564
513
8564
8564
513
8564
8564
8564
8564
8564
8564
8564
8564
8564
8564
8564
8564
8564
216
8564
8564
8564
8564
8564
216
8564
8564
8564
8564
8564
8564
8564
8564
8564
216
8564
8564
8564
8564
513
8564
8564
8564
8564
216
8564
216
8564
8564
8564
8564
8564
513
8564
8564
216
8564
8564
513
8564
8564
8564
8564
8564
8564
216
8564
8564
8564
8564
8564
8564
8564
513
8564
8564
513
8564
8564
8564
8564
8564
216
8564
8564
8564
8564
513
8564
513
8564
8564
513
8564
8564
513
8564
8564
513
8564
8564
8564
8564
8564
8564
216
8564
8564
8564
8564
513
8564
8564
8564
8564
8564
8564
8564
8564
216
8564
513
8564
8564
8564
8564
8564
8564
216
8564
8564
8564
8564
8564
8564
8564
8564
613
513
8564
8564
8564
8564
8564
8564
8564
8564
8564
8564
8564
8564
8564
8564
8564
8564
8564
8564
8564
8564
8564
8564
8564
8564
216
8564
8564
8564
8564
513
8564
8564
8564
8564
216
8564
8564
216
8564
8564
8564
8564
8564
8564
8564
8564
8564
216
8564
8564
8564
8564
513
8564
8564
216
8564
8564
513
8564
8564
8564
8564
513
8564
8564
8564
8564
216
8564
8564
8564
513
8564
8564
513
8564
8564
8564
8564
8564
216
8564
8564
513
8564
8564
8564
8564
216
8564
8564
8564
8564
8564
8564
8564
8564
216
8564
8564
513
513
8564
513
8564
8564
8564
8564
8564
216
8564
8564
8564
8564
8564
8564
8564
8564
8564
216
8564
8564
8564
8564
8564
8564
8564
8564
8564
216
8564
8564
8564
8564
8564
198
8564
204
513
8564
8564
8564
8564
8564
513
513
8564
8564
8564
8564
8564
216
8564
8564
8564
8564
8564
564
647
765
8564
8564
8564
513
8564
8564
8564
252
8564
8564
513
8564
8564
564
670
513
8564
8564
8564
8564
513
252
8564
8564
8564
8564
8564
8564
8564
8564
8564
8564
8564
1011
8564
8564
689
695
630
204
8564
8564
8564
8564
4801
8564
204
8564
8564
8564
1011
8564
8564
8564
8564
8564
8564
216
8564
8564
8564
1011
8564
8564
8564
8564
8564
8564
216
8564
8564
8564
8564
8564
8564
513
8564
513
8564
8564
8564
8564
8564
8564
8564
216
513
8564
8564
513
8564
8564
513
8564
8564
8564
8564
513
8564
8564
8564
8564
8564
8564
513
8564
513
8564
8564
8564
8564
8564
8564
8564
513
8564
8564
8564
198
204
824
216
8564
8564
8564
8564
8564
8564
216
8564
8564
8564
8564
8564
8564
8564
8564
8564
8564
216
8564
8564
8564
8564
8564
8564
8564
216
8564
8564
8564
8564
8564
8564
198
8564
8564
8564
8564
8564
8564
8564
8564
8564
8564
204
8564
8564
8564
8564
8564
513
8564
8564
513
8564
8564
8564
8564
8564
8564
8564
8564
216
8564
8564
8564
8564
8564
8564
198
204
824
216
765
765
412
204
564
765
513
8564
8564
626
670
513
8564
513
8564
8564
8564
8564
216
8564
8564
8564
8564
8564
8564
513
513
513
412
8564
8564
8564
8564
204
513
412
204
513
8564
8564
8564
216
513
8564
8564
513
412
204
513
8564
8564
8564
216
513
8564
8564
257
8564
8564
8564
8564
8564
513
8564
8564
513
8564
8564
8564
8564
8564
8564
8564
216
8564
8564
8564
8564
8564
8564
8564
8564
8564
513
8564
8564
8564
8564
8564
8564
8564
216
513
8564
8564
513
8564
8564
513
8564
8564
8564
8564
216
8564
8564
216
8564
8564
8564
8564
216
8564
8564
8564
8564
8564
8564
8564
8564
8564
216
8564
8564
8564
8564
8564
8564
8564
8564
8564
8564
8564
216
8564
8564
8564
8564
8564
8564
216
8564
8564
858
8564
8564
8564
8564
8564
216
8564
1345
8564
8564
513
879
773
756
756
8564
564
8564
8564
8564
8564
8564
8564
8564
8564
8564
8564
257
8564
1345
8564
257
8564
1345
1345
1345
8564
8564
824
8564
8564
8564
198
198
8564
8564
204
8564
257
824
198
8564
204
8564
8564
8564
216
8564
8564
8564
8564
8564
8564
8564
8564
8564
8564
824
8564
8564
657
8564
824
8564
8564
4783
198
8564
204
8564
8564
8564
513
8564
8564
513
8564
8564
8564
8564
216
8564
657
8564
216
8564
1345
8564
8564
1345
8564
8564
1345
8564
8564
8564
771
204
513
8564
513
8564
8564
8564
216
513
8564
513
8564
513
8564
216
8564
8564
8564
689
8564
8564
8564
8564
8564
8564
513
771
8564
8564
8564
204
8564
8564
8564
8564
8564
8564
8564
257
8564
1345
1345
1345
1345
1345
1345
1345
1345
1345
1345
1345
1345
1345
1345
1345
1345
1345
1345
1345
1345
1345
8564
3722
564
8564
8564
8564
824
198
8564
8564
8564
8564
8564
204
8564
8564
689
8564
8564
8564
234
8564
8564
204
1011
694
4637
8564
757
694
694
773
756
756
8564
757
394
8564
8564
204
8564
425
599
8564
513
8564
8564
8564
8564
216
8564
8564
8564
8564
198
8564
8564
204
8564
8564
1011
412
8564
8564
8564
204
198
8564
8564
204
564
8564
8564
8564
564
670
8564
8564
824
670
251
8564
204
513
8564
8564
216
8564
8564
431
513
394
8564
8564
8564
8564
204
8564
8564
8564
8564
8564
8564
8564
8564
4794
8564
8564
8564
8564
8564
8564
216
8564
8564
8564
8564
4972
670
251
8564
204
8564
8564
810
631
8564
8564
8564
8564
204
564
564
251
198
424
599
8564
8564
8564
216
8564
8564
8564
8564
8564
8564
8564
234
204
234
8564
8564
8564
8564
8564
204
513
8564
8564
234
394
8564
8564
8564
8564
204
513
824
8564
8564
8564
216
8564
8564
8564
670
670
8564
8564
8564
216
8564
257
8564
8564
8564
8564
216
8564
216
8564
216
8564
216
8564
8564
8564
8564
8564
216
8564
8564
257
8564
1345
1345
1345
8564
8564
8564
198
8564
204
8564
513
8564
8564
4956
8564
8564
4783
8564
216
8564
8564
8564
8564
3634
8564
216
8564
8564
4783
8564
216
4783
8564
216
8564
257
8564
8564
4783
8564
216
8564
8564
4783
8564
216
8564
257
198
8564
8564
8564
8564
8564
4783
8564
8564
8564
216
8564
1345
8564
257
8564
1345
1345
1345
1345
8564
1345
1345
8564
8564
675
234
8564
204
198
8564
216
8564
8564
513
8564
8564
4637
204
234
8564
8564
8564
204
513
8564
8564
234
8564
8564
8564
204
8564
8564
533
8564
204
8564
670
8564
8564
216
513
8564
8564
216
198
8564
204
8564
513
670
8564
8564
670
8564
8564
234
8564
8564
8564
204
8564
4972
8564
216
8564
204
670
8564
8564
8564
216
8564
257
8564
8564
8564
8564
513
8564
8564
513
8564
8564
513
8564
8564
513
8564
8564
513
8564
8564
513
8564
8564
513
8564
8564
513
8564
8564
513
8564
8564
513
8564
8564
513
8564
8564
513
8564
8564
257
8564
1345
1345
1345
1345
1345
3722
1345
3722
1345
8564
8564
198
8564
204
513
8564
513
8564
513
8564
513
8564
513
8564
513
8564
3646
8564
216
8564
8564
8564
8564
234
8564
8564
204
8564
8564
8564
1011
8564
201
8564
8564
8564
204
513
771
8564
204
670
8564
8564
513
8564
8564
8564
8564
8564
216
8564
198
204
670
8564
8564
8564
8564
216
8564
8564
8564
513
8564
8564
670
8564
8564
8564
216
8564
513
251
8564
8564
204
8564
8564
8564
412
8564
198
204
8564
8564
8564
204
8564
204
8564
513
8564
564
670
8564
8564
8564
8564
8564
4972
630
204
8564
234
8564
204
513
670
8564
8564
234
204
8564
670
8564
8564
234
204
670
8564
8564
8564
8564
216
8564
8564
8564
8564
8564
8564
216
8564
8564
8564
216
8564
257
8564
8564
8564
8564
481
8564
8564
1345
1345
3722
8564
8564
3722
8564
180
8564
1194
8564
198
8564
204
8564
8564
8564
513
8564
8564
8564
8564
8564
8564
8564
8564
8564
8564
513
8564
8564
4635
8564
8564
216
547
198
8564
204
8564
8564
8564
8564
8564
204
8564
8564
4783
8564
8564
513
8564
8564
513
8564
8564
513
8564
8564
513
8564
8564
513
8564
8564
513
8564
8564
513
8564
8564
8564
1137
505
8564
8564
513
252
8564
8564
8564
8564
513
252
8564
8564
8564
216
8564
8564
8564
8564
216
8564
8564
216
8564
257
8564
513
8564
8564
8564
8564
8564
257
8564
513
8564
8564
8564
8564
8564
8564
8564
8564
3634
8564
8564
8564
1345
513
8564
8564
513
8564
8564
513
8564
8564
513
8564
8564
412
412
8564
8564
8564
204
513
8564
8564
513
8564
8564
513
8564
8564
513
8564
8564
412
412
8564
612
8564
216
8564
257
8564
8564
8564
8564
8564
8564
4783
513
8564
8564
513
8564
8564
513
8564
8564
513
8564
8564
513
8564
8564
513
8564
8564
257
8564
1345
513
8564
8564
198
204
824
216
8564
8564
8564
201
8564
204
4972
8564
216
8564
257
8564
8564
8564
8564
481
8564
8564
513
8564
8564
513
8564
513
8564
8564
257
8564
8564
4972
513
4783
513
8564
5012
8564
8564
8564
198
8564
204
8564
216
8564
257
8564
1345
1345
8564
198
8564
8564
204
8564
8564
8564
3634
8564
198
8564
8564
8564
204
8564
257
8564
8564
198
204
513
8564
8564
513
8564
8564
198
8564
612
257
481
8564
1345
8564
198
8564
204
513
8564
8564
513
8564
8564
198
757
8564
216
8564
257
8564
1345
8564
198
204
513
8564
8564
513
8564
8564
198
8564
204
8564
257
8564
216
8564
8564
198
204
513
8564
8564
8564
8564
257
8564
8564
1345
1345
1345
1345
8564
8564
198
513
8564
513
8564
8564
204
8564
513
8564
8564
8564
8564
198
8564
204
8564
8564
198
8564
204
8564
8564
8564
8564
8564
8564
8564
8564
8564
8564
513
8564
8564
8564
8564
8564
8564
513
252
8564
8564
8564
8564
8564
8564
513
8564
8564
513
8564
8564
513
8564
8564
513
8564
8564
8564
198
8564
204
8564
564
670
8564
8564
8564
216
8564
513
8564
8564
8564
8564
8564
8564
8564
216
513
8564
8564
8564
8564
8564
8564
8564
8564
8564
8564
198
8564
204
513
8564
8564
8564
8564
8564
8564
8564
8564
8564
8564
8564
8564
216
8564
257
8564
1345
8564
8564
257
8564
1345
8564
824
8564
198
204
8564
564
670
8564
8564
412
8564
204
198
8564
204
8564
8564
8564
8564
8564
513
8564
8564
8564
8564
513
8564
8564
8564
216
198
8564
204
8564
564
8564
8564
216
8564
8564
513
8564
8564
8564
513
8564
8564
8564
8564
8564
8564
8564
8564
8564
8564
8564
647
547
653
8564
8564
8564
216
8564
257
8564
8564
760
204
8564
513
8564
8564
513
8564
8564
513
8564
8564
760
204
513
8564
8564
824
257
824
257
8564
8564
257
8564
1345
1345
8564
198
8564
204
8564
8564
3634
8564
8564
198
8564
204
8564
564
670
8564
8564
8564
216
8564
4783
198
8564
204
513
8564
8564
8564
8564
252
8564
513
8564
8564
8564
8564
8564
513
8564
8564
4783
8564
216
8564
257
8564
1345
198
204
8564
198
8564
204
8564
564
670
8564
8564
8564
216
481
8564
412
8564
204
8564
564
670
8564
8564
216
513
8564
8564
198
204
513
8564
8564
8564
3634
216
8564
8564
8564
216
824
198
204
257
8564
8564
1345
8564
8564
8564
8564
8564
8564
8564
8564
8564
8564
8564
8564
8564
8564
8564
8564
8564
8564
1345
8564
8564
8564
1345
8564
8564
1345
8564
8564
8564
8564
8564
1345
8564
1345
8564
8564
1345
8564
8564
8564
8564
8564
8564
8564
1345
1345
1345
1345
1345
1345
1345
1345
1345
1345
1345
1345
8564
1345
1345
8564
1345
1345
1345
1345
1345
1345
1345
1345
1345
1345
1345
1345
1345
1345
1345
1345
1345
1345
1345
1345
1345
1345
1345
1345
1345
1345
1345
1345
1345
1345
1345
1345
1345
1345
8564
1345
1345
1345
1345
1345
1345
8564
1345
8564
234
8564
204
8564
8564
198
8564
204
8564
8564
8564
760
204
8564
198
8564
204
8564
216
8564
8564
8564
204
8564
8564
8564
216
8564
8564
8564
204
8564
8564
8564
216
8564
198
204
8564
564
670
8564
8564
198
8564
8564
8564
204
824
8564
8564
8564
8564
8564
564
670
8564
8564
8564
8564
216
8564
8564
513
8564
8564
8564
513
8564
8564
8564
8564
8564
8564
8564
8564
8564
8564
8564
8564
216
8564
8564
216
8564
8564
8564
8564
8564
8564
8564
564
670
8564
8564
513
8564
8564
8564
670
8564
513
8564
8564
8564
513
8564
8564
8564
8564
8564
216
8564
8564
8564
564
8564
8564
8564
8564
8564
8564
216
8564
8564
8564
4108
8564
8564
647
8564
8564
8564
647
742
564
8564
8564
8564
689
412
8564
8564
8564
8564
204
8564
8564
564
8564
8564
8564
688
8564
204
8564
8564
8564
8564
647
8564
216
689
8564
564
8564
8564
8564
4108
858
742
564
8564
8564
8564
4801
8564
8564
8564
8564
8564
204
8564
8564
8564
8564
4108
8564
513
8564
8564
8564
513
564
8564
8564
8564
687
8564
8564
8564
8564
8564
8564
8564
204
8564
8564
564
670
8564
8564
513
8564
8564
8564
670
8564
216
8564
8564
8564
824
8564
216
8564
879
8564
670
8564
8564
670
8564
8564
824
564
8564
8564
8564
4108
564
8564
8564
8564
689
412
8564
8564
204
8564
564
8564
8564
8564
689
564
8564
8564
8564
4108
564
8564
8564
8564
4801
8564
8564
8564
204
8564
536
8564
8564
687
8564
8564
204
8564
8564
8564
513
8564
8564
8564
8564
8564
8564
216
8564
8564
8564
8564
8564
8564
216
8564
8564
8564
513
8564
8564
8564
564
8564
8564
8564
689
8564
687
8564
8564
8564
8564
8564
8564
8564
204
8564
8564
8564
8564
564
513
8564
8564
689
394
8564
8564
204
513
8564
8564
564
8564
8564
8564
689
8564
8564
513
8564
8564
8564
8564
765
8564
8564
8564
8564
8564
8564
8564
216
8564
8564
8564
198
8564
8564
204
8564
431
8564
8564
8564
8564
8564
8564
8564
8564
8564
8564
8564
8564
8564
8564
8564
513
8564
8564
8564
8564
8564
8564
564
670
8564
8564
513
8564
8564
198
513
8564
8564
513
8564
8564
204
8564
8564
8564
216
513
8564
8564
8564
8564
8564
8564
8564
8564
513
8564
8564
8564
8564
216
8564
8564
8564
8564
513
8564
8564
670
251
204
513
251
204
8564
8564
513
8564
8564
198
204
879
8564
670
198
8564
8564
204
8564
670
8564
8564
670
8564
8564
513
412
8564
8564
204
8564
8564
564
670
8564
8564
8564
216
8564
513
8564
8564
198
204
765
513
8564
8564
670
198
204
8564
198
204
630
8564
757
513
8564
8564
513
8564
8564
670
513
8564
8564
513
8564
8564
513
8564
8564
8564
8564
8564
564
670
8564
8564
8564
513
8564
8564
198
8564
8564
8564
8564
8564
8564
204
8564
513
8564
8564
8564
8564
8564
216
204
8564
8564
513
8564
8564
8564
8564
8564
8564
216
513
412
8564
204
8564
8564
513
8564
8564
8564
8564
8564
8564
8564
564
670
8564
8564
8564
8564
8564
8564
216
8564
8564
8564
8564
670
513
8564
8564
771
204
4774
670
513
8564
8564
513
8564
8564
513
8564
8564
8564
8564
8564
564
670
8564
8564
513
8564
8564
8564
513
8564
8564
198
8564
8564
8564
204
513
8564
8564
8564
564
670
8564
8564
8564
216
8564
8564
8564
670
8564
8564
8564
513
8564
8564
513
670
8564
8564
8564
513
8564
8564
8564
8564
198
8564
204
8564
824
198
204
8564
8564
8564
8564
513
756
612
670
949
431
8564
8564
216
198
204
425
204
564
8564
8564
8564
689
8564
8564
513
8564
8564
513
8564
8564
513
8564
8564
8564
216
409
8564
513
756
612
670
949
513
8564
8564
513
8564
8564
8564
216
8564
8564
8564
513
8564
8564
8564
513
8564
216
8564
8564
513
8564
8564
513
8564
8564
513
8564
8564
513
8564
8564
8564
8564
216
8564
198
204
8564
8564
513
670
8564
8564
234
612
8564
8564
564
670
8564
8564
513
8564
8564
216
8564
8564
630
513
8564
204
513
8564
8564
216
8564
8564
513
8564
8564
8564
8564
252
8564
513
8564
8564
216
8564
8564
670
8564
8564
8564
8564
8564
252
8564
513
8564
8564
8564
8564
513
8564
8564
8564
8564
513
8564
216
8564
513
8564
8564
681
234
8564
8564
513
8564
204
513
8564
8564
216
513
8564
216
8564
8564
8564
8564
1347
513
8564
8564
8564
8564
8564
8564
8564
216
8564
513
8564
8564
4621
204
8564
8564
1347
234
204
8564
216
234
8564
8564
204
8564
8564
8564
670
8564
8564
234
204
513
8564
8564
513
8564
8564
8564
8564
8564
8564
670
8564
8564
8564
216
8564
513
8564
8564
8564
681
234
8564
8564
8564
204
234
8564
204
8564
8564
8564
8564
8564
8564
8564
8564
8564
8564
216
8564
8564
8564
8564
8564
8564
8564
216
513
8564
8564
8564
8564
8564
8564
8564
513
8564
198
8564
8564
8564
8564
8564
8564
204
8564
8564
8564
8564
8564
8564
216
8564
8564
8564
513
8564
8564
8564
216
8564
409
8564
879
8564
670
670
8564
8564
824
8564
8564
513
8564
8564
8564
8564
216
8564
8564
8564
8564
8564
216
4108
8564
513
8564
8564
8564
8564
8564
513
8564
8564
513
8564
8564
8564
8564
216
8564
198
204
8564
8564
513
670
8564
8564
234
612
8564
8564
564
670
8564
8564
513
8564
8564
216
8564
8564
630
513
8564
204
513
8564
8564
216
8564
8564
513
8564
8564
8564
8564
252
8564
513
8564
8564
216
8564
8564
670
8564
8564
8564
8564
8564
252
8564
8564
216
8564
198
204
8564
8564
513
670
8564
8564
234
612
8564
8564
564
670
8564
8564
513
8564
8564
216
8564
8564
630
513
8564
204
513
8564
8564
216
8564
8564
513
8564
8564
8564
8564
252
8564
513
8564
8564
216
8564
8564
670
8564
8564
8564
8564
8564
252
8564
8564
8564
513
513
8564
8564
8564
513
513
8564
8564
513
8564
8564
8564
8564
513
8564
8564
8564
8564
8564
216
8564
198
204
8564
8564
513
670
8564
8564
234
612
8564
8564
564
670
8564
8564
513
8564
8564
216
8564
8564
630
513
8564
204
513
8564
8564
216
8564
8564
513
8564
8564
8564
8564
252
8564
513
8564
8564
216
8564
8564
670
8564
8564
8564
8564
8564
252
8564
513
8564
8564
513
8564
8564
8564
216
8564
198
204
8564
8564
513
670
8564
8564
234
612
8564
8564
564
670
8564
8564
513
8564
8564
216
8564
8564
630
513
8564
204
513
8564
8564
216
8564
8564
513
8564
8564
8564
8564
252
8564
513
8564
8564
216
8564
8564
670
8564
8564
8564
8564
8564
252
8564
513
8564
8564
513
8564
8564
8564
8564
513
513
8564
8564
8564
513
513
8564
8564
513
8564
8564
8564
8564
513
8564
8564
8564
8564
8564
216
8564
198
204
8564
8564
513
670
8564
8564
234
612
8564
8564
564
670
8564
8564
513
8564
8564
216
8564
8564
630
513
8564
204
513
8564
8564
216
8564
8564
513
8564
8564
8564
8564
252
8564
513
8564
8564
216
8564
8564
670
8564
8564
8564
8564
8564
252
8564
8564
8564
513
513
8564
8564
8564
513
513
8564
8564
513
8564
8564
8564
8564
513
8564
8564
8564
8564
8564
198
8564
8564
8564
8564
8564
8564
8564
216
8564
198
204
8564
8564
513
670
8564
8564
234
612
8564
8564
564
670
8564
8564
513
8564
8564
216
8564
8564
630
513
8564
204
513
8564
8564
216
8564
8564
513
8564
8564
8564
8564
252
8564
513
8564
8564
216
8564
8564
670
8564
8564
8564
8564
8564
252
8564
513
8564
8564
513
8564
8564
8564
8564
8564
8564
513
513
513
513
8564
8564
8564
513
513
8564
8564
513
8564
8564
8564
8564
513
8564
8564
8564
8564
8564
198
8564
8564
8564
8564
8564
8564
8564
216
8564
198
204
8564
8564
513
670
8564
8564
234
612
8564
8564
564
670
8564
8564
513
8564
8564
216
8564
8564
630
513
8564
204
513
8564
8564
216
8564
8564
513
8564
8564
8564
8564
252
8564
513
8564
8564
216
8564
8564
670
8564
8564
8564
8564
8564
252
8564
8564
8564
8564
8564
513
513
513
513
8564
8564
8564
513
513
8564
8564
513
8564
8564
8564
8564
513
8564
8564
8564
8564
8564
198
8564
8564
8564
8564
8564
8564
8564
8564
513
670
8564
8564
8564
8564
216
8564
8564
700
204
8564
8564
513
234
8564
8564
8564
8564
204
8564
198
204
8564
8564
513
670
8564
8564
234
612
8564
8564
564
670
8564
8564
513
8564
8564
216
8564
8564
630
513
8564
204
513
8564
8564
216
8564
8564
513
8564
8564
8564
8564
252
8564
513
8564
8564
216
8564
8564
670
8564
8564
8564
8564
8564
252
8564
513
8564
8564
513
8564
8564
8564
8564
513
513
513
8564
8564
8564
513
513
8564
8564
513
8564
8564
8564
8564
513
8564
8564
8564
8564
8564
216
8564
8564
198
8564
8564
8564
8564
8564
8564
216
8564
198
204
8564
8564
513
670
8564
8564
234
612
8564
8564
564
670
8564
8564
513
8564
8564
216
8564
8564
630
513
8564
204
513
8564
8564
216
8564
8564
513
8564
8564
8564
8564
252
8564
513
8564
8564
216
8564
8564
670
8564
8564
8564
8564
8564
252
8564
8564
8564
513
513
513
8564
8564
8564
513
513
8564
8564
513
8564
8564
8564
8564
513
8564
8564
8564
8564
8564
198
8564
8564
8564
8564
8564
8564
8564
8564
513
670
8564
8564
8564
8564
216
8564
8564
700
204
8564
8564
513
234
8564
8564
8564
8564
8564
204
8564
198
204
8564
8564
513
670
8564
8564
234
612
8564
8564
564
670
8564
8564
513
8564
8564
216
8564
8564
630
513
8564
204
513
8564
8564
216
8564
8564
513
8564
8564
8564
8564
252
8564
513
8564
8564
216
8564
8564
670
8564
8564
8564
8564
8564
252
8564
8564
8564
216
8564
198
204
8564
8564
513
670
8564
8564
234
612
8564
8564
564
670
8564
8564
513
8564
8564
216
8564
8564
630
513
8564
204
513
8564
8564
216
8564
8564
513
8564
8564
8564
8564
252
8564
513
8564
8564
216
8564
8564
670
8564
8564
8564
8564
8564
252
8564
513
8564
8564
513
8564
8564
8564
8564
513
513
8564
8564
8564
513
513
8564
8564
513
8564
8564
8564
8564
513
8564
8564
8564
8564
8564
198
8564
8564
8564
8564
8564
8564
8564
216
8564
198
204
8564
8564
513
670
8564
8564
234
612
8564
8564
564
670
8564
8564
513
8564
8564
216
8564
8564
630
513
8564
204
513
8564
8564
216
8564
8564
513
8564
8564
8564
8564
252
8564
513
8564
8564
216
8564
8564
670
8564
8564
8564
8564
8564
252
8564
513
8564
8564
513
8564
8564
8564
8564
513
513
8564
8564
8564
513
513
8564
8564
513
8564
8564
8564
8564
513
8564
8564
8564
8564
8564
216
8564
198
204
8564
8564
513
670
8564
8564
234
612
8564
8564
564
670
8564
8564
513
8564
8564
216
8564
8564
630
513
8564
204
513
8564
8564
216
8564
8564
513
8564
8564
8564
8564
252
8564
513
8564
8564
216
8564
8564
670
8564
8564
8564
8564
8564
252
8564
8564
8564
513
513
8564
8564
8564
513
513
8564
8564
513
8564
8564
8564
8564
513
8564
8564
8564
8564
8564
216
8564
8564
198
8564
8564
8564
8564
8564
8564
8564
216
8564
198
204
8564
8564
513
670
8564
8564
234
612
8564
8564
564
670
8564
8564
513
8564
8564
216
8564
8564
630
513
8564
204
513
8564
8564
216
8564
8564
513
8564
8564
8564
8564
252
8564
513
8564
8564
216
8564
8564
670
8564
8564
8564
8564
8564
252
8564
8564
513
8564
8564
513
8564
8564
8564
8564
513
8564
8564
8564
8564
8564
8564
8564
8564
8564
8564
513
8564
8564
8564
252
8564
198
8564
8564
204
8564
198
204
8564
8564
513
670
8564
8564
234
612
8564
8564
564
670
8564
8564
513
8564
8564
216
8564
8564
630
513
8564
204
513
8564
8564
216
8564
8564
513
8564
8564
8564
8564
252
8564
513
8564
8564
216
8564
8564
670
8564
8564
8564
8564
8564
252
8564
8564
8564
513
8564
8564
8564
216
8564
234
8564
8564
204
8564
8564
216
8564
8564
513
8564
8564
8564
8564
216
513
8564
8564
8564
216
8564
8564
8564
513
8564
8564
513
8564
8564
8564
8564
8564
198
8564
8564
8564
8564
8564
8564
8564
216
513
8564
8564
8564
8564
216
8564
8564
8564
8564
513
8564
8564
513
8564
8564
8564
8564
8564
198
8564
8564
8564
8564
8564
8564
216
198
8564
8564
204
8564
513
8564
8564
8564
216
8564
8564
513
8564
8564
513
8564
8564
8564
216
8564
198
204
8564
8564
513
670
8564
8564
234
612
8564
8564
564
670
8564
8564
513
8564
8564
216
8564
8564
630
513
8564
204
513
8564
8564
216
8564
8564
513
8564
8564
8564
8564
252
8564
513
8564
8564
216
8564
8564
670
8564
8564
8564
8564
8564
252
8564
8564
8564
513
8564
8564
8564
252
8564
8564
216
8564
198
204
8564
8564
513
670
8564
8564
234
612
8564
8564
564
670
8564
8564
513
8564
8564
216
8564
8564
630
513
8564
204
513
8564
8564
216
8564
8564
513
8564
8564
8564
8564
252
8564
513
8564
8564
216
8564
8564
670
8564
8564
8564
8564
8564
252
8564
8564
8564
1011
8564
216
8564
198
204
8564
8564
513
670
8564
8564
234
612
8564
8564
564
670
8564
8564
513
8564
8564
216
8564
8564
630
513
8564
204
513
8564
8564
216
8564
8564
513
8564
8564
8564
8564
252
8564
513
8564
8564
216
8564
8564
670
8564
8564
8564
8564
8564
252
8564
8564
513
8564
8564
513
8564
8564
8564
216
8564
198
204
8564
8564
513
670
8564
8564
234
612
8564
8564
564
670
8564
8564
513
8564
8564
216
8564
8564
630
513
8564
204
513
8564
8564
216
8564
8564
513
8564
8564
8564
8564
252
8564
513
8564
8564
216
8564
8564
670
8564
8564
8564
8564
8564
252
8564
8564
513
8564
8564
513
8564
8564
513
8564
8564
216
8564
198
204
8564
8564
513
670
8564
8564
234
612
8564
8564
564
670
8564
8564
513
8564
8564
216
8564
8564
630
513
8564
204
513
8564
8564
216
8564
8564
513
8564
8564
8564
8564
252
8564
513
8564
8564
216
8564
8564
670
8564
8564
8564
8564
8564
252
8564
8564
8564
8564
513
8564
8564
513
8564
8564
513
8564
8564
216
8564
8564
216
8564
198
204
8564
8564
513
670
8564
8564
234
612
8564
8564
564
670
8564
8564
513
8564
8564
216
8564
8564
630
513
8564
204
513
8564
8564
216
8564
8564
513
8564
8564
8564
8564
252
8564
513
8564
8564
216
8564
8564
670
8564
8564
8564
8564
8564
252
8564
513
8564
8564
513
8564
8564
8564
8564
513
8564
8564
8564
198
612
564
253
8564
8564
216
8564
198
204
8564
8564
513
670
8564
8564
234
612
8564
8564
564
670
8564
8564
513
8564
8564
216
8564
8564
630
513
8564
204
513
8564
8564
216
8564
8564
513
8564
8564
8564
8564
252
8564
513
8564
8564
216
8564
8564
670
8564
8564
8564
8564
8564
252
8564
8564
216
8564
198
204
8564
8564
513
670
8564
8564
234
612
8564
8564
564
670
8564
8564
513
8564
8564
216
8564
8564
630
513
8564
204
513
8564
8564
216
8564
8564
513
8564
8564
8564
8564
252
8564
513
8564
8564
216
8564
8564
670
8564
8564
8564
8564
8564
252
8564
8564
216
8564
198
204
8564
8564
513
670
8564
8564
234
612
8564
8564
564
670
8564
8564
513
8564
8564
216
8564
8564
630
513
8564
204
513
8564
8564
216
8564
8564
513
8564
8564
8564
8564
252
8564
513
8564
8564
216
8564
8564
670
8564
8564
8564
8564
8564
252
8564
216
8564
198
204
8564
8564
513
670
8564
8564
234
612
8564
8564
564
670
8564
8564
513
8564
8564
216
8564
8564
630
513
8564
204
513
8564
8564
216
8564
8564
513
8564
8564
8564
8564
252
8564
513
8564
8564
216
8564
8564
670
8564
8564
8564
8564
8564
252
8564
216
8564
198
204
8564
8564
513
670
8564
8564
234
612
8564
8564
564
670
8564
8564
513
8564
8564
216
8564
8564
630
513
8564
204
513
8564
8564
216
8564
8564
513
8564
8564
8564
8564
252
8564
513
8564
8564
216
8564
8564
670
8564
8564
8564
8564
8564
252
8564
216
824
257
8564
198
204
8564
8564
513
670
8564
8564
234
612
8564
8564
564
670
8564
8564
513
8564
8564
216
8564
8564
630
513
8564
204
513
8564
8564
216
8564
8564
513
8564
8564
8564
8564
252
8564
513
8564
8564
216
8564
8564
670
8564
8564
8564
8564
8564
252
8564
8564
8564
513
8564
8564
8564
252
8564
198
8564
8564
8564
204
8564
198
204
8564
8564
513
670
8564
8564
234
612
8564
8564
564
670
8564
8564
513
8564
8564
216
8564
8564
630
513
8564
204
513
8564
8564
216
8564
8564
513
8564
8564
8564
8564
252
8564
513
8564
8564
216
8564
8564
670
8564
8564
8564
8564
8564
252
8564
513
8564
8564
216
8564
8564
8564
8564
8564
252
8564
8564
216
8564
198
204
8564
8564
513
670
8564
8564
234
612
8564
8564
564
670
8564
8564
513
8564
8564
216
8564
8564
630
513
8564
204
513
8564
8564
216
8564
8564
513
8564
8564
8564
8564
252
8564
513
8564
8564
216
8564
8564
670
8564
8564
8564
8564
8564
252
8564
513
513
8564
8564
8564
252
8564
8564
8564
513
8564
513
513
8564
8564
513
8564
8564
8564
8564
8564
194
8564
513
670
8564
8564
8564
216
8564
198
204
8564
8564
513
670
8564
8564
234
612
8564
8564
564
670
8564
8564
513
8564
8564
216
8564
8564
630
513
8564
204
513
8564
8564
216
8564
8564
513
8564
8564
8564
8564
252
8564
513
8564
8564
216
8564
8564
670
8564
8564
8564
8564
8564
252
8564
8564
8564
216
8564
198
204
8564
8564
513
670
8564
8564
234
612
8564
8564
564
670
8564
8564
513
8564
8564
216
8564
8564
630
513
8564
204
513
8564
8564
216
8564
8564
513
8564
8564
8564
8564
252
8564
513
8564
8564
216
8564
8564
670
8564
8564
8564
8564
8564
252
8564
630
204
513
8564
8564
216
8564
8564
513
513
513
8564
8564
8564
513
513
8564
8564
513
8564
8564
8564
8564
513
8564
8564
8564
8564
8564
198
8564
8564
8564
8564
8564
8564
216
8564
8564
8564
252
8564
8564
8564
216
8564
257
8564
8564
513
8564
8564
513
8564
8564
513
8564
8564
513
8564
8564
8564
216
824
232
8564
8564
513
8564
8564
513
8564
8564
8564
8564
513
8564
8564
8564
216
8564
198
204
8564
8564
513
670
8564
8564
234
612
8564
8564
564
670
8564
8564
513
8564
8564
216
8564
8564
630
513
8564
204
513
8564
8564
216
8564
8564
513
8564
8564
8564
8564
252
8564
513
8564
8564
216
8564
8564
670
8564
8564
8564
8564
8564
252
8564
824
232
824
232
824
232
824
232
824
232
8564
8564
8564
257
8564
1345
8564
8564
8564
8564
527
8564
8564
8564
1345
8564
8564
198
204
8564
513
8564
251
8564
204
564
513
8564
8564
8564
8564
760
204
513
8564
670
513
8564
8564
8564
8564
8564
8564
8564
8564
216
8564
8564
8564
760
204
8564
8564
8564
8564
216
8564
257
824
232
8564
8564
8564
481
8564
1345
1345
8564
8564
8564
8564
8564
8564
198
204
657
8564
8564
216
252
8564
8564
216
8564
257
8564
513
4783
513
8564
8564
8564
513
8564
8564
8564
8564
8564
198
8564
8564
8564
8564
8564
257
8564
8564
513
8564
8564
513
8564
8564
8564
8564
8564
198
8564
8564
8564
8564
8564
257
8564
1345
1345
8564
8564
216
8564
8564
564
8564
412
204
8564
8564
647
513
234
8564
8564
8564
204
257
513
8564
8564
1011
257
8564
1345
1345
1345
1345
1345
1345
1345
8564
198
8564
8564
8564
204
8564
8564
513
8564
8564
670
8564
8564
198
8564
8564
8564
8564
204
8564
198
198
8564
8564
8564
204
513
4783
8564
198
8564
8564
8564
204
8564
8564
8564
8564
513
8564
8564
513
8564
8564
8564
8564
670
3634
198
8564
8564
8564
8564
204
8564
8564
8564
8564
216
8564
8564
8564
257
8564
1345
1345
1345
1345
1345
1345
1345
1345
1345
1345
8564
8564
564
670
8564
8564
513
8564
8564
8564
670
8564
513
8564
8564
8564
8564
8564
1277
8564
8564
204
8564
8564
8564
8564
8564
216
8564
8564
8564
8564
8564
234
8564
204
647
8564
8564
8564
647
8564
216
8564
564
8564
8564
8564
4108
742
564
8564
8564
8564
689
412
8564
8564
8564
8564
204
8564
8564
564
8564
8564
8564
688
8564
204
8564
8564
8564
8564
647
8564
216
689
8564
564
8564
8564
8564
4108
858
742
564
8564
8564
8564
4801
8564
8564
8564
8564
8564
204
8564
8564
8564
8564
4108
8564
8564
513
513
412
8564
8564
8564
8564
204
8564
8564
216
8564
257
8564
824
257
8564
8564
198
204
8564
564
670
8564
8564
198
8564
204
824
8564
8564
8564
8564
8564
564
670
8564
8564
216
824
8564
8564
564
670
8564
8564
513
8564
8564
8564
513
8564
8564
8564
8564
8564
8564
8564
8564
8564
8564
8564
647
547
653
8564
257
8564
1345
1345
1345
1345
8564
8564
8564
8564
4783
8564
513
8564
8564
8564
198
8564
204
8564
564
670
8564
8564
8564
216
8564
412
204
513
8564
8564
513
8564
8564
216
198
8564
8564
204
8564
8564
4783
198
756
8564
8564
8564
612
8564
8564
216
8564
8564
513
8564
8564
8564
257
8564
8564
8564
8564
1345
1345
198
8564
204
513
8564
8564
513
8564
8564
8564
8564
8564
513
8564
8564
8564
513
8564
8564
513
8564
8564
513
8564
8564
8564
198
8564
204
8564
564
670
8564
8564
8564
216
8564
412
8564
8564
204
8564
564
670
8564
8564
513
8564
8564
8564
513
8564
8564
8564
8564
8564
8564
8564
8564
8564
8564
8564
647
547
653
8564
8564
216
8564
257
8564
1345
1345
198
204
824
8564
8564
198
8564
204
564
670
8564
8564
198
8564
204
8564
8564
8564
8564
8564
513
8564
8564
8564
8564
513
8564
8564
513
8564
8564
216
8564
564
670
8564
8564
513
8564
8564
8564
513
8564
8564
8564
8564
8564
8564
8564
8564
8564
8564
8564
647
547
653
8564
8564
8564
216
8564
257
8564
1345
8564
198
8564
204
8564
564
670
8564
8564
198
8564
204
4783
8564
8564
564
670
8564
8564
198
8564
204
513
8564
513
8564
8564
198
8564
204
513
8564
8564
8564
513
8564
8564
8564
8564
8564
8564
8564
8564
8564
8564
8564
647
547
653
8564
8564
8564
216
8564
257
8564
1345
630
8564
204
670
513
8564
8564
234
8564
8564
204
513
8564
8564
234
8564
8564
204
8564
760
204
8564
513
513
8564
8564
513
8564
8564
513
8564
8564
513
8564
8564
8564
513
8564
8564
513
8564
8564
513
8564
8564
513
8564
8564
513
8564
8564
4783
8564
216
8564
257
824
232
8564
8564
4972
8564
257
8564
513
8564
760
204
198
204
8564
8564
216
8564
670
8564
8564
8564
198
204
513
8564
8564
257
824
232
824
232
8564
8564
257
8564
8564
8564
257
8564
8564
8564
257
8564
8564
257
8564
8564
8564
257
8564
8564
257
8564
8564
8564
257
8564
8564
8564
257
8564
8564
257
8564
8564
257
8564
1345
1345
8564
198
8564
8564
204
8564
8564
564
670
8564
8564
198
8564
204
4783
8564
8564
564
670
8564
8564
824
8564
198
8564
8564
204
8564
8564
3634
8564
8564
3634
8564
8564
8564
8564
8564
8564
8564
8564
8564
8564
8564
8564
481
8564
8564
8564
257
8564
1345
8564
8564
257
8564
1345
8564
8564
257
8564
1345
8564
8564
564
670
8564
8564
513
8564
8564
198
8564
204
824
8564
8564
8564
8564
8564
8564
8564
3634
8564
216
8564
257
8564
3722
1345
1345
1345
1345
8564
1345
1345
1345
1345
1345
1345
1345
1345
1345
1345
1345
1345
1345
8564
1345
1345
1345
1345
1345
1345
1345
8564
1345
8564
8564
513
756
612
670
949
431
630
8564
204
564
8564
8564
8564
8564
216
8564
8564
8564
8564
409
231
232
8564
8564
8564
8564
8564
216
8564
8564
8564
765
8564
8564
216
8564
8564
8564
8564
234
204
234
8564
204
513
8564
216
513
8564
8564
234
8564
8564
204
8564
513
8564
8564
216
771
8564
8564
204
8564
8564
198
8564
8564
810
8564
8564
8564
216
8564
8564
647
564
409
1011
8564
198
8564
8564
204
8564
412
204
8564
8564
8564
513
198
8564
8564
8564
204
513
8564
8564
8564
216
513
198
8564
8564
810
8564
8564
8564
216
8564
8564
8564
8564
8564
8564
216
234
204
8564
216
771
8564
204
8564
8564
198
8564
8564
810
8564
216
8564
198
8564
8564
204
8564
8564
513
8564
8564
8564
4972
670
8564
8564
198
8564
8564
8564
204
513
4783
8564
8564
216
8564
8564
513
8564
8564
8564
8564
234
8564
8564
8564
8564
204
8564
8564
8564
513
8564
8564
513
8564
8564
234
8564
8564
8564
8564
8564
204
8564
8564
8564
198
8564
8564
8564
8564
8564
204
8564
8564
8564
216
8564
8564
8564
8564
4783
8564
216
8564
257
8564
8564
8564
8564
198
8564
8564
8564
8564
8564
257
8564
1345
8564
216
8564
8564
8564
1011
412
204
513
8564
8564
204
481
513
8564
8564
1011
257
8564
1345
3722
8564
8564
198
204
513
8564
8564
198
204
513
8564
8564
8564
8564
4846
513
8564
8564
198
8564
204
513
8564
8564
8564
8564
8564
8564
216
513
8564
8564
412
8564
8564
204
513
8564
8564
412
8564
8564
8564
216
8564
8564
8564
8564
216
8564
257
8564
8564
198
204
513
8564
8564
513
8564
8564
198
8564
204
8564
8564
8564
216
760
204
8564
198
204
8564
8564
8564
8564
8564
8564
216
8564
8564
8564
8564
8564
8564
257
8564
8564
481
8564
8564
8564
4783
257
8564
8564
257
8564
8564
257
8564
8564
257
8564
1345
8564
513
756
612
670
949
431
630
8564
204
564
8564
8564
8564
8564
216
8564
257
8564
1345
1345
8564
8564
8564
204
8564
198
8564
8564
204
8564
8564
4783
8564
216
8564
257
8564
1345
1345
1345
1345
1345
3722
8564
8564
8564
8564
8564
234
8564
204
1011
8564
8564
8564
564
253
670
8564
8564
724
234
8564
204
8564
8564
4783
8564
216
8564
8564
8564
513
8564
8564
216
8564
8564
564
8564
670
8564
8564
724
234
204
513
8564
8564
647
234
8564
8564
8564
8564
204
8564
198
8564
8564
204
198
8564
204
8564
8564
8564
216
8564
8564
216
8564
257
8564
1345
1345
1345
1345
198
204
8564
198
8564
8564
8564
204
8564
8564
4972
8564
8564
216
8564
8564
8564
198
8564
204
8564
8564
8564
8564
216
8564
8564
513
8564
8564
198
204
8564
8564
198
8564
8564
8564
204
8564
8564
216
8564
3776
8564
8564
216
8564
257
8564
1345
1345
1345
1345
1345
1345
8564
4972
8564
8564
513
8564
513
8564
513
8564
513
8564
513
8564
513
8564
8564
8564
216
8564
8564
8564
8564
198
204
8564
513
8564
8564
8564
251
810
8564
8564
8564
8564
8564
198
8564
204
670
8564
8564
234
204
8564
8564
216
8564
513
198
8564
8564
8564
204
8564
409
198
8564
8564
8564
204
8564
8564
216
824
198
8564
204
8564
8564
8564
8564
8564
8564
8564
8564
8564
8564
8564
8564
8564
8564
8564
8564
8564
8564
8564
216
8564
8564
8564
8564
8564
8564
8564
8564
216
198
8564
204
824
198
8564
8564
8564
8564
8564
8564
8564
513
8564
8564
8564
8564
216
8564
198
8564
204
513
8564
8564
8564
8564
513
8564
8564
8564
216
8564
257
8564
8564
8564
8564
513
8564
8564
513
8564
8564
198
204
513
8564
8564
8564
8564
513
252
8564
8564
8564
8564
8564
513
8564
8564
8564
216
513
8564
8564
257
8564
8564
8564
8564
513
8564
8564
513
8564
8564
198
204
513
8564
8564
8564
8564
513
252
8564
8564
8564
8564
8564
513
8564
8564
8564
216
8564
8564
8564
8564
513
252
8564
8564
257
8564
8564
8564
8564
513
8564
8564
513
8564
8564
198
204
513
8564
8564
8564
8564
513
252
8564
8564
8564
8564
8564
513
8564
8564
8564
216
513
8564
8564
257
8564
8564
8564
8564
513
8564
8564
257
8564
4783
8564
8564
8564
513
8564
8564
257
8564
513
4783
8564
8564
8564
670
8564
8564
8564
8564
8564
513
8564
8564
257
8564
1345
1345
198
8564
204
8564
8564
8564
513
8564
8564
8564
3634
3634
198
8564
8564
8564
204
8564
257
8564
1345
1345
1345
1345
8564
8564
198
8564
8564
8564
8564
204
8564
8564
8564
198
8564
8564
204
8564
8564
8564
8564
8564
8564
8564
216
8564
8564
8564
8564
8564
8564
257
8564
8564
513
8564
8564
198
204
513
8564
8564
8564
8564
513
252
8564
8564
8564
8564
8564
513
8564
8564
8564
216
513
8564
8564
257
8564
8564
513
8564
8564
198
204
513
8564
8564
8564
8564
513
252
8564
8564
8564
8564
8564
513
8564
8564
8564
216
513
8564
8564
257
8564
1345
1345
198
8564
204
8564
8564
8564
513
8564
8564
8564
3634
513
8564
8564
198
204
198
8564
204
513
8564
8564
8564
3634
216
513
8564
8564
4783
216
3634
198
8564
8564
204
8564
257
8564
1345
1345
1345
198
8564
204
8564
513
8564
513
8564
8564
216
8564
513
8564
8564
198
204
8564
8564
8564
198
8564
204
8564
8564
198
8564
8564
8564
204
8564
257
8564
1345
198
8564
204
513
8564
8564
513
198
8564
8564
8564
204
513
8564
8564
409
198
8564
204
513
8564
8564
8564
3634
216
513
8564
8564
4783
216
8564
3634
8564
216
8564
257
8564
1345
198
204
8564
8564
4783
198
8564
204
8564
8564
216
8564
257
8564
198
204
8564
8564
216
513
8564
8564
8564
8564
257
8564
8564
8564
513
8564
8564
198
810
8564
8564
8564
257
8564
1345
8564
8564
198
8564
204
8564
8564
8564
4783
198
8564
8564
204
513
8564
8564
8564
481
8564
513
8564
8564
513
8564
257
8564
1345
8564
1194
8564
198
8564
8564
204
8564
8564
8564
513
8564
8564
513
8564
8564
513
8564
8564
8564
513
8564
8564
8564
513
8564
8564
8564
8564
513
252
8564
8564
8564
1137
505
8564
8564
513
252
8564
8564
8564
216
8564
257
8564
8564
1345
8564
8564
8564
8564
8564
1194
8564
198
8564
8564
204
8564
8564
8564
513
8564
8564
513
8564
8564
513
8564
8564
8564
513
8564
8564
8564
513
8564
8564
8564
8564
513
252
8564
8564
8564
1137
505
8564
8564
513
252
8564
8564
8564
216
8564
257
8564
1345
1345
1345
1345
824
198
8564
204
8564
198
8564
204
513
8564
8564
8564
8564
409
198
8564
204
8564
198
8564
8564
204
8564
8564
8564
4783
198
8564
8564
204
8564
8564
216
8564
8564
8564
8564
216
8564
8564
8564
216
8564
257
231
8564
8564
8564
1345
8564
1345
8564
1345
1345
1345
1345
8564
3722
1345
1345
1345
1345
8564
1345
1345
1345
1345
1345
8564
1345
1345
1345
1345
8564
8564
8564
8564
8564
1345
8564
8564
8564
8564
8564
8564
8564
198
204
513
8564
8564
198
8564
8564
8564
8564
8564
8564
204
8564
8564
513
8564
8564
198
198
424
8564
8564
8564
204
8564
8564
8564
4783
198
8564
204
8564
8564
8564
513
8564
8564
198
8564
198
204
580
8564
8564
216
8564
513
8564
8564
8564
204
564
8564
8564
8564
8564
8564
216
8564
580
8564
8564
8564
8564
8564
8564
8564
204
8564
8564
8564
8564
8564
8564
670
8564
8564
8564
513
513
8564
8564
216
8564
8564
8564
234
8564
8564
204
824
198
8564
204
8564
8564
8564
8564
8564
8564
8564
8564
8564
201
204
8564
8564
8564
670
8564
8564
234
8564
204
670
8564
8564
216
8564
4783
8564
8564
8564
8564
513
8564
8564
513
8564
8564
8564
8564
513
8564
8564
8564
8564
8564
8564
513
252
8564
8564
513
8564
8564
8564
8564
4783
198
8564
204
513
8564
8564
198
8564
8564
8564
8564
8564
204
8564
8564
234
8564
204
513
8564
8564
198
8564
8564
204
8564
8564
8564
8564
412
8564
8564
204
8564
8564
8564
8564
8564
8564
8564
216
8564
8564
564
670
8564
8564
8564
8564
8564
8564
198
8564
204
824
513
8564
8564
198
204
8564
8564
8564
216
8564
8564
8564
216
8564
8564
4783
216
8564
8564
8564
8564
8564
216
8564
8564
8564
4783
216
8564
8564
8564
198
204
198
8564
216
8564
204
564
670
8564
8564
8564
8564
4783
198
204
8564
216
250
8564
8564
251
8564
204
8564
8564
8564
8564
3634
8564
8564
8564
198
8564
204
8564
8564
8564
8564
8564
4783
198
8564
8564
204
513
8564
8564
8564
481
8564
8564
8564
8564
8564
8564
8564
8564
8564
198
8564
204
8564
8564
8564
8564
8564
4783
250
8564
8564
251
8564
204
198
8564
8564
8564
8564
204
8564
8564
8564
8564
8564
4783
8564
8564
198
8564
8564
8564
8564
204
8564
8564
8564
216
8564
8564
8564
8564
8564
8564
8564
8564
8564
8564
8564
8564
513
8564
8564
198
204
8564
216
8564
8564
198
8564
204
8564
8564
8564
8564
8564
8564
8564
8564
8564
216
8564
8564
8564
8564
8564
8564
8564
513
8564
8564
8564
257
8564
1345
8564
8564
8564
8564
8564
1345
1345
8564
8564
8564
8564
8564
8564
8564
8564
8564
513
8564
8564
8564
8564
8564
8564
8564
8564
8564
8564
513
8564
8564
8564
513
8564
8564
8564
8564
8564
8564
8564
8564
8564
8564
8564
8564
8564
8564
8564
8564
8564
8564
8564
8564
513
8564
8564
765
513
8564
8564
765
513
756
8564
810
949
670
8564
8564
257
8564
1345
1345
1345
8564
8564
8564
513
8564
8564
409
198
8564
8564
204
513
8564
8564
8564
8564
8564
8564
8564
216
513
8564
8564
513
8564
8564
8564
8564
8564
8564
513
8564
8564
198
204
198
8564
8564
204
513
8564
8564
8564
8564
8564
8564
8564
216
198
204
513
8564
8564
198
8564
204
8564
8564
8564
513
513
8564
8564
564
8564
8564
8564
8564
8564
8564
216
8564
8564
8564
216
8564
257
513
8564
8564
513
8564
8564
8564
8564
8564
8564
8564
8564
198
8564
204
8564
513
8564
513
8564
8564
8564
216
8564
513
8564
8564
8564
8564
8564
8564
8564
8564
198
8564
8564
204
8564
1345
1345
1345
1345
1345
1345
8564
234
8564
204
8564
8564
8564
204
8564
8564
8564
8564
216
8564
8564
8564
8564
4972
513
8564
8564
513
8564
8564
513
198
8564
8564
8564
8564
8564
204
8564
8564
8564
216
8564
8564
8564
8564
8564
8564
8564
824
8564
8564
8564
8564
8564
8564
8564
8564
8564
198
8564
204
8564
8564
8564
4783
198
8564
8564
204
8564
8564
8564
8564
8564
4783
8564
8564
4783
8564
824
257
8564
8564
8564
8564
8564
8564
8564
4846
257
8564
8564
8564
204
8564
8564
8564
216
8564
8564
8564
3634
8564
8564
8564
3634
8564
8564
8564
8564
257
8564
8564
8564
481
8564
824
257
8564
1345
1345
1345
8564
8564
8564
1345
1345
1345
1345
1345
8564
8564
1345
1345
8564
8564
8564
198
204
8564
8564
4783
8564
216
8564
8564
8564
653
198
204
8564
513
8564
513
8564
513
8564
513
8564
513
8564
8564
8564
8564
216
8564
198
204
8564
8564
8564
8564
8564
8564
8564
8564
8564
564
670
8564
675
4686
513
8564
8564
8564
513
431
630
612
251
424
8564
8564
8564
8564
8564
8564
8564
8564
204
8564
8564
513
8564
513
8564
513
8564
8564
8564
8564
8564
216
8564
8564
8564
8564
513
8564
8564
8564
8564
8564
513
8564
8564
513
8564
8564
513
8564
8564
513
8564
8564
513
8564
8564
8564
8564
8564
8564
8564
8564
8564
216
8564
8564
8564
8564
8564
8564
8564
8564
8564
216
8564
257
8564
1345
513
8564
8564
8564
8564
513
8564
8564
8564
8564
245
8564
198
8564
204
824
8564
8564
198
8564
204
824
8564
8564
8564
198
198
8564
8564
204
8564
8564
8564
216
8564
8564
8564
216
8564
257
8564
1345
1345
8564
8564
1345
1345
1345
1345
8564
8564
8564
630
8564
204
513
8564
513
8564
8564
8564
8564
216
513
8564
513
8564
513
8564
8564
8564
216
8564
8564
8564
564
670
8564
8564
513
8564
8564
8564
8564
8564
198
204
8564
8564
8564
198
8564
204
8564
8564
8564
198
8564
204
8564
8564
216
8564
513
412
8564
8564
8564
8564
8564
8564
204
8564
8564
8564
513
513
8564
8564
8564
8564
8564
198
8564
204
513
8564
8564
513
8564
8564
8564
8564
8564
8564
8564
8564
513
8564
8564
513
8564
8564
513
8564
8564
513
8564
8564
8564
8564
513
8564
8564
824
198
8564
204
8564
8564
8564
8564
8564
8564
8564
8564
8564
216
513
8564
8564
8564
8564
8564
8564
513
8564
8564
513
8564
8564
670
8564
8564
513
8564
8564
8564
8564
8564
8564
216
8564
257
231
232
8564
1345
1345
8564
8564
3582
245
8564
8564
8564
8564
198
204
8564
8564
8564
8564
8564
8564
8564
8564
8564
3634
8564
8564
216
824
8564
8564
198
8564
204
824
8564
8564
8564
198
198
8564
8564
204
8564
8564
8564
216
8564
8564
8564
216
8564
257
8564
1345
1345
8564
1345
8564
1345
8564
8564
1345
1345
1345
1345
8564
8564
8564
630
513
8564
204
513
8564
513
8564
8564
8564
8564
216
513
8564
513
8564
513
8564
513
8564
8564
8564
216
8564
8564
8564
564
670
8564
8564
513
8564
8564
8564
8564
8564
198
8564
204
8564
8564
8564
8564
198
8564
8564
204
8564
513
8564
412
8564
8564
8564
8564
8564
8564
204
8564
8564
8564
8564
8564
8564
513
8564
8564
513
8564
8564
513
8564
8564
513
8564
8564
513
8564
8564
513
8564
8564
824
198
204
513
8564
513
8564
8564
8564
8564
216
824
8564
8564
198
8564
204
513
513
8564
8564
513
8564
8564
8564
8564
8564
8564
8564
8564
8564
8564
8564
8564
8564
824
8564
8564
8564
8564
8564
8564
8564
8564
198
8564
8564
204
513
8564
8564
513
8564
8564
8564
8564
8564
8564
8564
8564
513
8564
8564
8564
8564
824
198
8564
8564
8564
204
824
8564
8564
513
630
204
513
8564
8564
513
8564
8564
8564
8564
8564
8564
8564
216
8564
8564
8564
513
513
8564
8564
8564
8564
8564
8564
8564
8564
198
204
8564
8564
216
8564
513
8564
8564
216
513
8564
8564
8564
8564
8564
8564
513
8564
8564
513
8564
8564
670
8564
8564
513
8564
8564
8564
8564
8564
8564
216
8564
8564
198
204
513
8564
8564
513
8564
8564
8564
8564
513
8564
8564
513
8564
8564
513
8564
8564
8564
216
8564
8564
8564
8564
8564
8564
8564
8564
8564
216
513
8564
8564
513
8564
8564
8564
8564
8564
513
8564
8564
513
8564
8564
8564
8564
513
8564
8564
8564
8564
216
8564
8564
216
8564
257
8564
1345
1345
1345
1345
1345
1345
8564
1345
824
198
8564
8564
204
8564
8564
198
204
513
8564
8564
8564
8564
513
8564
8564
8564
8564
198
8564
204
8564
8564
513
8564
8564
198
204
198
8564
204
513
8564
8564
756
8564
204
513
8564
8564
8564
216
8564
8564
8564
8564
8564
198
8564
612
670
513
513
198
8564
8564
8564
8564
8564
204
198
8564
204
8564
8564
8564
8564
634
612
251
424
599
198
8564
757
8564
216
8564
8564
8564
8564
216
8564
257
8564
8564
8564
8564
216
8564
8564
8564
8564
216
8564
1345
1345
1345
1345
1345
8564
8564
1345
1345
1345
1345
1345
8564
1345
1345
1345
1345
1345
1345
1345
1345
1345
8564
8564
198
204
8564
8564
8564
513
8564
8564
513
8564
8564
756
8564
204
513
8564
8564
8564
8564
8564
216
8564
8564
8564
8564
513
8564
8564
198
8564
8564
204
513
8564
8564
8564
8564
513
8564
8564
824
513
8564
8564
198
8564
513
8564
8564
204
8564
8564
8564
8564
8564
8564
8564
8564
8564
513
8564
8564
8564
216
8564
8564
8564
513
8564
8564
513
8564
8564
8564
8564
8564
8564
513
8564
8564
513
8564
8564
8564
8564
513
8564
8564
8564
198
204
8564
8564
8564
513
8564
8564
513
8564
8564
8564
8564
8564
8564
8564
8564
8564
8564
8564
8564
8564
8564
8564
8564
8564
8564
216
8564
513
8564
8564
8564
8564
8564
8564
8564
8564
8564
8564
8564
8564
8564
8564
513
8564
8564
8564
8564
8564
513
8564
8564
8564
216
8564
8564
8564
8564
8564
8564
8564
216
8564
8564
536
513
394
8564
8564
8564
8564
8564
204
8564
8564
8564
8564
198
204
8564
8564
8564
8564
216
8564
8564
8564
513
8564
8564
513
8564
8564
8564
8564
513
8564
8564
513
8564
8564
8564
513
8564
8564
513
8564
8564
513
8564
8564
513
8564
8564
198
204
8564
8564
8564
513
8564
8564
513
8564
8564
8564
8564
8564
8564
8564
8564
8564
8564
8564
8564
8564
8564
8564
8564
8564
8564
8564
8564
513
8564
8564
8564
8564
216
8564
513
8564
8564
8564
8564
8564
8564
8564
8564
8564
8564
8564
8564
8564
8564
513
8564
8564
8564
8564
8564
513
8564
8564
8564
8564
8564
216
8564
8564
8564
513
8564
8564
8564
8564
8564
8564
8564
8564
8564
8564
8564
8564
8564
8564
513
8564
8564
8564
8564
8564
198
8564
8564
8564
8564
8564
204
824
8564
8564
198
8564
8564
8564
8564
204
8564
824
8564
8564
198
8564
8564
8564
204
8564
8564
513
8564
8564
513
8564
8564
8564
513
8564
8564
8564
216
8564
513
8564
8564
257
8564
1345
1345
1345
8564
8564
8564
198
8564
204
8564
8564
8564
3634
8564
513
8564
8564
8564
8564
513
8564
8564
4783
8564
8564
8564
8564
513
8564
8564
8564
513
8564
8564
8564
8564
8564
8564
216
8564
3582
8564
245
8564
8564
8564
8564
198
204
8564
8564
8564
3634
8564
8564
8564
8564
8564
8564
8564
8564
8564
8564
8564
8564
8564
3582
245
8564
8564
8564
8564
8564
8564
8564
8564
8564
8564
8564
3634
8564
8564
216
824
8564
8564
198
8564
204
824
8564
8564
8564
198
198
8564
204
8564
8564
216
8564
8564
8564
3634
8564
8564
216
8564
8564
8564
216
8564
257
8564
1345
513
8564
8564
8564
8564
513
8564
8564
513
8564
8564
513
8564
8564
8564
513
8564
8564
8564
8564
245
245
8564
198
8564
204
8564
8564
8564
216
8564
257
8564
1345
1345
1345
8564
8564
8564
8564
3634
8564
8564
8564
8564
8564
198
204
8564
8564
8564
8564
8564
8564
8564
8564
8564
3582
245
8564
8564
8564
8564
8564
8564
8564
8564
8564
8564
8564
3634
8564
8564
216
824
8564
8564
198
8564
204
824
8564
8564
8564
198
198
8564
8564
204
8564
8564
8564
8564
8564
8564
216
8564
8564
8564
216
8564
257
8564
1345
8564
8564
198
204
8564
8564
8564
216
8564
8564
8564
8564
8564
8564
216
8564
257
8564
1345
1345
1345
1345
8564
8564
8564
1345
1345
1345
1345
8564
8564
8564
198
204
513
513
8564
513
8564
513
8564
8564
8564
8564
8564
8564
216
513
8564
513
8564
513
8564
513
8564
513
513
8564
8564
513
8564
513
8564
513
8564
8564
8564
216
8564
8564
8564
564
670
8564
8564
513
8564
8564
8564
8564
8564
198
204
8564
8564
8564
198
204
8564
8564
8564
198
204
8564
8564
8564
198
204
8564
8564
8564
8564
198
204
8564
8564
8564
8564
198
204
8564
8564
8564
8564
198
8564
204
513
8564
8564
8564
8564
8564
8564
8564
8564
234
8564
8564
204
253
8564
216
8564
253
8564
216
253
8564
216
8564
8564
216
253
8564
216
513
8564
8564
8564
8564
8564
8564
8564
8564
234
8564
8564
204
253
8564
216
513
8564
8564
8564
8564
8564
8564
8564
8564
234
8564
8564
204
253
8564
216
8564
250
8564
251
8564
8564
8564
8564
8564
8564
8564
204
8564
8564
8564
8564
8564
8564
8564
8564
8564
8564
824
198
204
8564
8564
8564
8564
8564
8564
8564
8564
8564
216
513
8564
8564
8564
8564
8564
8564
8564
8564
8564
8564
8564
8564
513
8564
8564
198
204
8564
8564
8564
8564
8564
8564
513
8564
8564
8564
513
8564
8564
513
8564
8564
513
8564
8564
513
8564
8564
513
8564
8564
513
8564
8564
8564
8564
8564
8564
8564
8564
8564
513
8564
8564
513
8564
8564
513
8564
8564
8564
8564
8564
8564
216
513
8564
8564
198
204
8564
8564
8564
8564
8564
8564
8564
8564
8564
8564
8564
8564
8564
8564
216
8564
8564
8564
8564
8564
216
8564
257
8564
8564
8564
8564
8564
8564
8564
8564
8564
8564
216
8564
8564
8564
8564
8564
8564
8564
8564
8564
216
8564
1345
824
198
8564
198
424
204
8564
8564
8564
8564
8564
8564
216
257
8564
8564
8564
8564
8564
8564
8564
198
204
8564
8564
4783
216
481
8564
1345
1345
1345
1345
8564
824
198
8564
204
8564
257
8564
8564
198
8564
204
513
8564
8564
8564
8564
513
8564
8564
8564
198
8564
8564
204
8564
8564
8564
513
8564
8564
513
8564
8564
4774
251
8564
8564
204
8564
8564
4783
8564
216
8564
8564
513
8564
8564
198
8564
8564
8564
204
8564
8564
8564
198
204
8564
8564
4783
8564
216
198
8564
204
8564
8564
513
8564
8564
513
8564
8564
513
8564
8564
8564
8564
513
670
8564
8564
8564
216
8564
1345
1345
1345
1345
8564
8564
8564
1345
1345
1345
1345
1345
1345
8564
8564
513
8564
8564
8564
8564
198
204
513
8564
8564
513
8564
8564
513
8564
8564
513
8564
8564
765
858
690
8564
8564
8564
8564
8564
8564
8564
756
204
690
773
513
670
8564
216
8564
8564
8564
8564
8564
8564
8564
8564
8564
8564
513
8564
8564
513
8564
8564
756
204
513
8564
513
8564
513
8564
8564
8564
8564
8564
8564
216
513
513
8564
513
8564
513
8564
513
8564
513
8564
513
8564
513
8564
513
8564
513
8564
513
8564
513
8564
513
8564
513
8564
513
8564
513
8564
513
8564
8564
8564
8564
8564
216
8564
8564
8564
8564
8564
8564
564
670
513
8564
8564
8564
513
8564
8564
8564
513
8564
8564
8564
949
8564
513
8564
8564
8564
188
188
1137
641
188
2095
194
8564
8564
8564
8564
8564
8564
8564
8564
8564
8564
8564
8564
8564
8564
8564
198
204
8564
513
670
8564
8564
8564
8564
8564
756
204
513
879
773
756
756
8564
757
8564
8564
216
8564
8564
8564
8564
670
8564
8564
1011
564
670
8564
8564
4689
4690
8564
8564
8564
8564
8564
8564
513
412
8564
8564
204
8564
8564
8564
8564
513
8564
8564
513
8564
8564
513
8564
8564
8564
513
8564
394
8564
8564
8564
8564
8564
8564
8564
8564
8564
204
8564
8564
8564
8564
8564
8564
8564
8564
8564
8564
8564
8564
8564
8564
8564
8564
8564
8564
8564
8564
8564
8564
8564
8564
8564
756
204
513
513
8564
8564
8564
216
8564
8564
513
8564
8564
8564
8564
8564
8564
8564
8564
8564
536
513
8564
394
8564
8564
204
8564
8564
8564
216
481
8564
1345
824
198
8564
198
424
204
8564
8564
513
8564
8564
198
8564
204
513
8564
8564
513
8564
8564
8564
8564
513
670
8564
216
8564
8564
8564
216
257
8564
1345
3722
1345
824
198
8564
8564
204
8564
8564
513
8564
8564
198
8564
204
513
8564
8564
513
8564
8564
513
8564
8564
513
8564
8564
765
858
4656
883
878
513
8564
8564
4774
771
8564
204
8564
198
204
8564
513
8564
8564
513
8564
8564
513
8564
8564
8564
8564
8564
8564
8564
8564
216
8564
8564
513
8564
8564
513
8564
8564
412
8564
204
198
8564
204
513
8564
8564
513
8564
8564
8564
8564
513
670
8564
8564
8564
216
8564
8564
8564
8564
8564
216
8564
257
8564
8564
8564
8564
8564
8564
198
8564
8564
204
8564
824
198
8564
198
424
204
8564
8564
513
8564
8564
513
8564
8564
4774
536
8564
8564
216
257
8564
1345
1345
1345
1345
1345
1345
8564
8564
8564
8564
8564
8564
8564
8564
8564
8564
8564
8564
8564
198
8564
204
8564
8564
8564
216
8564
8564
8564
8564
8564
8564
8564
8564
8564
8564
8564
8564
8564
8564
8564
8564
513
8564
8564
513
8564
8564
630
204
8564
513
8564
513
8564
513
8564
513
8564
513
8564
8564
8564
8564
216
8564
8564
8564
513
8564
8564
8564
8564
647
878
513
8564
8564
564
670
8564
8564
8564
8564
8564
8564
8564
8564
8564
536
8564
8564
513
8564
8564
513
8564
8564
4774
251
8564
8564
8564
204
481
8564
1345
824
198
8564
204
8564
8564
513
8564
8564
8564
8564
547
198
8564
204
198
8564
8564
204
198
204
8564
8564
8564
216
257
231
232
8564
8564
8564
8564
8564
513
8564
8564
8564
8564
409
198
8564
204
8564
8564
8564
8564
8564
8564
8564
8564
8564
8564
8564
8564
8564
8564
8564
8564
8564
8564
8564
8564
8564
8564
8564
8564
8564
8564
8564
8564
8564
513
8564
8564
198
204
8564
8564
8564
8564
8564
8564
216
481
231
232
8564
8564
8564
1345
1345
8564
8564
204
8564
513
8564
8564
8564
8564
513
8564
8564
513
8564
8564
1194
8564
8564
8564
8564
8564
8564
8564
216
8564
8564
8564
513
8564
8564
8564
8564
513
8564
8564
513
8564
8564
8564
8564
8564
8564
216
8564
8564
8564
8564
481
8564
824
198
8564
198
424
204
8564
8564
513
8564
8564
513
8564
8564
216
257
8564
1345
1345
1345
8564
8564
8564
8564
513
8564
8564
198
204
8564
8564
8564
513
8564
8564
198
204
8564
513
8564
513
8564
513
8564
513
8564
513
8564
513
8564
513
8564
8564
8564
216
8564
8564
513
8564
8564
234
8564
8564
8564
8564
8564
8564
8564
8564
513
8564
8564
8564
8564
8564
8564
8564
8564
8564
513
513
8564
8564
198
8564
8564
8564
204
8564
8564
8564
216
481
8564
8564
8564
8564
8564
8564
8564
8564
8564
8564
8564
8564
8564
8564
8564
8564
8564
8564
8564
8564
8564
481
8564
8564
8564
8564
481
8564
1345
8564
8564
8564
198
8564
204
8564
8564
216
8564
257
8564
1345
8564
8564
8564
198
8564
204
8564
8564
216
8564
257
8564
1345
1345
513
8564
8564
8564
8564
513
8564
8564
4783
8564
513
8564
8564
513
8564
8564
4783
8564
630
204
8564
8564
564
8564
8564
8564
8564
8564
8564
8564
8564
8564
8564
8564
198
8564
204
8564
8564
4783
8564
216
824
8564
216
8564
257
8564
8564
8564
8564
8564
8564
481
8564
198
204
8564
8564
216
481
8564
1345
1345
8564
8564
8564
8564
8564
8564
8564
4783
8564
8564
8564
204
8564
8564
8564
8564
8564
8564
4972
8564
513
8564
8564
216
8564
670
8564
8564
198
204
8564
8564
8564
536
198
8564
8564
204
8564
8564
513
8564
8564
8564
8564
8564
4783
513
8564
8564
198
8564
8564
204
4783
481
8564
824
824
4783
198
8564
204
481
527
232
8564
513
8564
8564
8564
8564
513
8564
8564
4783
4783
8564
3634
198
204
4783
198
8564
204
824
824
824
216
481
8564
8564
8564
204
824
216
8564
8564
216
481
8564
1345
1345
8564
824
8564
8564
198
8564
204
513
8564
8564
8564
8564
513
8564
8564
8564
216
8564
8564
216
824
198
8564
204
8564
8564
8564
756
204
8564
8564
216
8564
216
257
8564
1345
1345
1345
1345
1345
1345
1345
824
8564
8564
198
204
8564
8564
198
204
198
8564
8564
8564
204
513
8564
8564
8564
8564
513
8564
8564
8564
198
8564
8564
204
8564
394
8564
204
765
8564
8564
8564
216
8564
824
8564
4783
8564
216
513
8564
8564
8564
8564
513
8564
8564
8564
198
8564
204
8564
198
8564
204
513
8564
8564
216
8564
513
8564
8564
513
8564
8564
8564
198
8564
8564
204
8564
8564
496
8564
8564
8564
204
8564
8564
8564
8564
216
8564
8564
8564
8564
8564
513
8564
8564
513
8564
8564
198
8564
204
8564
8564
8564
216
8564
257
8564
1345
1345
513
8564
8564
513
8564
8564
756
204
8564
8564
8564
8564
513
8564
513
8564
513
8564
513
8564
8564
216
8564
8564
670
8564
8564
198
204
8564
536
670
8564
8564
8564
8564
8564
8564
394
8564
204
481
8564
8564
8564
481
8564
3722
1345
8564
1345
3722
8564
201
8564
8564
8564
824
409
8564
198
204
824
198
8564
8564
204
8564
858
198
204
564
250
756
8564
204
8564
8564
216
8564
8564
657
8564
216
8564
8564
657
8564
216
8564
8564
4783
8564
216
8564
257
547
198
8564
204
8564
8564
216
8564
8564
4783
8564
216
306
8564
8564
8564
215
527
232
8564
1345
1345
1345
8564
8564
198
204
513
8564
8564
8564
8564
513
8564
8564
8564
198
8564
8564
204
8564
8564
216
824
198
8564
8564
204
8564
8564
4783
8564
8564
216
8564
8564
8564
657
8564
8564
4783
198
8564
204
8564
198
8564
204
8564
8564
8564
216
8564
8564
4783
8564
8564
4783
657
8564
8564
8564
216
8564
257
8564
1345
8564
8564
8564
8564
204
8564
8564
824
8564
216
8564
257
8564
1345
1345
1345
8564
8564
8564
1345
1345
8564
8564
630
8564
204
8564
630
8564
204
8564
198
8564
204
198
8564
204
824
198
204
8564
198
204
8564
8564
198
8564
204
8564
8564
8564
198
8564
204
8564
513
513
8564
8564
513
8564
8564
513
8564
8564
8564
198
8564
204
8564
8564
513
8564
8564
653
8564
8564
8564
198
8564
204
8564
8564
4686
8564
216
8564
8564
198
8564
204
8564
8564
4686
8564
216
8564
8564
198
204
8564
8564
4686
8564
216
513
8564
8564
8564
8564
198
8564
204
756
204
8564
253
8564
513
8564
8564
513
8564
8564
513
8564
8564
513
8564
513
8564
824
8564
216
8564
8564
8564
8564
513
8564
8564
8564
513
8564
8564
513
8564
8564
513
8564
8564
513
8564
8564
824
8564
8564
8564
216
8564
198
204
513
8564
8564
198
204
513
8564
8564
8564
8564
8564
8564
8564
198
8564
204
8564
8564
8564
8564
8564
8564
8564
8564
216
8564
8564
198
204
8564
8564
8564
8564
216
8564
8564
198
204
8564
8564
8564
8564
216
8564
8564
204
8564
8564
8564
216
8564
8564
8564
216
8564
8564
8564
8564
8564
8564
8564
8564
216
8564
257
231
232
8564
1345
8564
8564
8564
8564
8564
8564
257
8564
1345
8564
513
8564
8564
513
8564
8564
670
8564
8564
8564
8564
8564
612
257
8564
1345
1345
1345
8564
8564
653
198
204
8564
8564
216
8564
8564
216
8564
8564
513
8564
8564
756
204
8564
513
513
8564
513
8564
513
8564
513
8564
8564
8564
216
8564
8564
8564
8564
8564
513
8564
8564
8564
8564
8564
8564
513
513
198
8564
8564
8564
204
481
8564
8564
3722
8564
1345
1345
1345
8564
8564
3722
1345
1345
1345
8564
1345
8564
8564
8564
8564
8564
8564
8564
1345
8564
1345
1345
8564
198
204
8564
8564
8564
657
8564
8564
8564
216
8564
8564
8564
8564
8564
8564
8564
8564
996
8564
8564
216
8564
8564
8564
8564
8564
8564
8564
858
547
634
8564
472
8564
8564
8564
547
198
8564
8564
8564
8564
8564
204
8564
8564
8564
824
198
204
513
8564
8564
198
204
513
8564
8564
8564
8564
8564
216
8564
8564
8564
8564
670
513
8564
8564
513
8564
8564
513
8564
8564
8564
216
824
8564
8564
4783
198
204
8564
8564
198
8564
204
8564
8564
8564
8564
216
8564
8564
8564
216
8564
8564
3582
8564
8564
216
8564
8564
234
8564
204
513
8564
513
8564
513
8564
513
8564
513
8564
513
8564
513
8564
513
8564
513
8564
8564
216
8564
8564
8564
8564
8564
8564
8564
670
513
8564
8564
8564
8564
8564
8564
8564
8564
8564
8564
8564
8564
8564
8564
513
8564
8564
198
204
8564
8564
8564
8564
8564
8564
8564
216
513
8564
8564
198
204
8564
8564
8564
8564
8564
8564
8564
216
8564
8564
8564
513
8564
412
8564
8564
8564
204
8564
257
824
8564
8564
8564
8564
8564
8564
216
824
8564
8564
8564
8564
8564
8564
8564
8564
8564
216
8564
824
824
257
8564
3722
8564
8564
198
8564
204
198
8564
8564
204
8564
8564
8564
8564
257
824
824
257
8564
1345
1345
8564
8564
513
8564
8564
412
8564
204
513
8564
8564
8564
8564
216
513
8564
8564
513
8564
8564
564
564
8564
670
8564
8564
198
204
513
8564
8564
564
670
8564
8564
253
8564
8564
8564
216
513
8564
8564
8564
8564
513
8564
8564
564
670
8564
8564
8564
216
8564
257
8564
1345
1345
1345
1345
1345
8564
8564
8564
204
8564
8564
513
8564
513
8564
8564
8564
216
8564
8564
8564
8564
8564
198
204
513
8564
8564
198
8564
8564
8564
8564
204
8564
257
198
204
513
8564
8564
513
8564
8564
564
513
8564
8564
513
8564
8564
8564
8564
198
8564
8564
8564
204
513
8564
8564
724
234
8564
8564
8564
204
513
8564
8564
198
204
8564
8564
8564
8564
216
513
8564
8564
198
8564
204
513
8564
8564
8564
234
204
513
8564
8564
8564
8564
216
204
513
8564
8564
513
8564
8564
513
8564
8564
4686
8564
8564
216
513
8564
8564
858
8564
8564
216
8564
1345
8564
1345
1345
8564
8564
8564
204
8564
8564
8564
8564
216
8564
8564
8564
4846
198
204
513
8564
8564
198
8564
8564
8564
8564
204
513
8564
8564
724
234
8564
8564
204
513
8564
8564
198
8564
204
513
8564
8564
198
8564
8564
204
513
8564
8564
8564
3634
8564
8564
8564
216
8564
724
8564
8564
216
8564
257
8564
1345
1345
1345
1345
8564
8564
8564
204
8564
8564
8564
513
8564
513
8564
8564
8564
216
8564
8564
8564
8564
8564
198
204
513
8564
8564
198
8564
8564
8564
8564
204
513
8564
8564
8564
234
8564
8564
204
513
8564
8564
412
8564
204
513
631
198
8564
8564
8564
204
513
8564
8564
513
8564
8564
8564
8564
8564
216
513
8564
8564
198
8564
204
513
8564
8564
513
8564
8564
8564
8564
8564
216
8564
257
8564
1345
1345
8564
1345
8564
1345
1345
1345
1345
8564
1345
1345
1345
1345
1345
1345
1345
1345
1345
1345
8564
234
8564
204
8564
8564
216
8564
8564
8564
8564
8564
8564
8564
8564
8564
204
8564
8564
8564
8564
513
8564
8564
858
198
8564
204
513
8564
8564
513
8564
8564
8564
216
513
8564
8564
409
198
8564
8564
8564
204
547
198
8564
513
8564
8564
513
8564
8564
513
8564
8564
513
8564
8564
8564
216
513
8564
8564
198
8564
513
8564
8564
513
8564
8564
513
8564
8564
8564
216
8564
513
8564
8564
8564
8564
8564
216
8564
8564
513
8564
8564
216
8564
8564
513
8564
8564
513
8564
8564
8564
513
8564
8564
198
8564
8564
8564
8564
8564
8564
204
513
8564
8564
513
8564
8564
513
8564
8564
8564
513
8564
8564
8564
8564
234
8564
8564
8564
8564
204
8564
8564
8564
8564
216
8564
8564
8564
647
8564
8564
564
1011
8564
253
670
8564
8564
724
234
8564
204
513
8564
8564
8564
198
204
513
8564
8564
513
8564
8564
8564
216
513
8564
8564
513
8564
8564
513
8564
8564
8564
8564
216
8564
8564
1011
513
8564
8564
513
8564
8564
8564
216
8564
513
8564
8564
513
8564
8564
8564
8564
216
513
8564
513
8564
8564
234
8564
8564
8564
8564
204
513
8564
8564
8564
8564
8564
8564
216
8564
8564
8564
8564
513
8564
8564
8564
8564
8564
8564
8564
216
8564
257
8564
8564
8564
8564
8564
8564
8564
4846
257
8564
1345
1345
1345
1345
8564
8564
8564
204
8564
8564
513
8564
513
8564
8564
8564
216
8564
8564
8564
8564
8564
198
204
8564
8564
513
198
8564
8564
8564
8564
204
513
8564
8564
858
8564
216
8564
257
8564
1345
8564
8564
198
8564
757
257
8564
1345
1345
8564
8564
8564
204
8564
8564
8564
198
8564
204
513
8564
8564
8564
234
204
513
8564
8564
8564
3634
216
513
8564
8564
513
8564
8564
198
204
513
8564
8564
198
204
8564
216
513
8564
8564
724
8564
513
8564
8564
198
513
8564
8564
8564
204
8564
257
8564
1345
1345
1345
1345
1345
1345
1345
8564
8564
8564
8564
204
8564
8564
8564
8564
216
8564
8564
513
8564
8564
858
198
8564
8564
204
8564
513
8564
8564
198
513
204
513
8564
8564
513
8564
8564
8564
216
8564
8564
513
8564
8564
513
8564
8564
8564
216
8564
513
8564
8564
8564
513
8564
216
8564
8564
8564
513
198
8564
8564
8564
8564
8564
204
8564
257
8564
4783
8564
8564
481
8564
8564
8564
198
8564
4783
8564
8564
481
8564
1345
8564
8564
293
8564
8564
4783
8564
8564
481
8564
1345
1345
1345
1345
1345
8564
513
8564
513
8564
8564
216
8564
8564
8564
8564
8564
8564
8564
198
8564
204
431
198
8564
8564
8564
204
8564
8564
8564
8564
8564
8564
8564
198
8564
204
431
198
8564
8564
204
513
513
8564
8564
8564
8564
8564
8564
8564
8564
8564
234
8564
8564
204
198
8564
612
8564
216
8564
8564
8564
8564
216
8564
257
8564
8564
8564
198
8564
612
8564
8564
481
8564
8564
8564
8564
8564
481
8564
1345
3722
724
234
612
564
253
8564
8564
8564
8564
234
8564
8564
204
8564
8564
8564
216
8564
257
8564
8564
8564
8564
8564
481
8564
8564
8564
8564
8564
481
8564
1345
198
8564
204
8564
8564
756
8564
204
8564
198
8564
472
8564
216
8564
257
8564
1345
198
8564
204
824
198
612
564
8564
216
8564
257
8564
1345
198
8564
8564
204
824
8564
8564
8564
216
8564
257
8564
1345
198
8564
204
8564
198
8564
472
8564
216
8564
257
8564
1345
198
8564
204
8564
198
8564
472
8564
216
8564
257
8564
1345
198
8564
204
8564
8564
4783
198
612
564
8564
216
8564
257
8564
1345
198
8564
8564
204
513
8564
8564
4783
8564
8564
8564
216
8564
257
8564
198
204
8564
8564
4774
547
257
481
8564
1345
824
198
8564
8564
204
8564
8564
216
8564
257
8564
1345
1345
198
8564
8564
204
8564
8564
630
8564
204
513
8564
8564
198
8564
204
670
8564
8564
1011
8564
216
8564
8564
8564
216
8564
257
8564
8564
8564
8564
8564
1345
1345
1345
1345
1345
3722
1345
1345
3722
8564
3722
8564
513
8564
8564
8564
198
204
8564
8564
8564
8564
198
204
198
8564
8564
8564
204
8564
8564
8564
8564
8564
8564
8564
8564
216
8564
8564
8564
198
204
8564
201
204
8564
513
8564
513
8564
513
8564
8564
216
8564
8564
8564
681
234
8564
8564
8564
8564
8564
204
8564
513
8564
8564
681
234
8564
8564
8564
8564
8564
204
8564
8564
4972
756
8564
8564
204
8564
431
670
8564
8564
681
234
8564
8564
8564
204
425
8564
8564
204
8564
670
8564
8564
8564
234
204
234
8564
612
8564
612
670
8564
8564
216
513
8564
8564
216
8564
8564
8564
8564
198
204
8564
198
472
670
8564
8564
216
8564
564
8564
8564
8564
513
8564
4846
198
204
536
198
8564
8564
204
8564
8564
4783
216
8564
8564
8564
8564
8564
8564
8564
8564
8564
8564
8564
8564
8564
216
675
670
8564
8564
216
8564
201
8564
8564
204
198
204
8564
8564
513
8564
8564
8564
8564
513
8564
8564
8564
8564
8564
8564
216
8564
8564
8564
8564
513
8564
8564
8564
8564
513
8564
8564
8564
8564
8564
8564
8564
8564
8564
3634
8564
8564
216
481
8564
1345
1345
1345
1345
8564
513
8564
513
8564
8564
8564
216
8564
8564
8564
8564
198
204
8564
8564
8564
431
198
8564
8564
8564
8564
204
8564
8564
8564
8564
216
8564
257
8564
1345
1345
1345
8564
4972
198
8564
204
8564
4972
8564
216
8564
8564
4972
8564
216
8564
198
204
513
670
8564
8564
234
8564
204
8564
234
8564
612
670
670
670
513
4783
8564
8564
8564
8564
234
8564
204
513
670
8564
8564
8564
216
8564
670
8564
8564
8564
204
670
8564
8564
8564
216
670
8564
8564
257
8564
8564
8564
8564
234
8564
204
513
8564
8564
198
204
513
4783
8564
8564
8564
670
8564
8564
8564
8564
3634
8564
216
824
8564
8564
216
8564
8564
204
8564
513
8564
8564
513
670
8564
257
8564
257
8564
1345
1345
1345
1345
1345
1345
1345
1345
1345
8564
513
8564
513
8564
513
8564
513
8564
513
8564
513
8564
513
8564
8564
216
8564
8564
8564
8564
8564
409
198
8564
8564
8564
204
8564
8564
8564
8564
8564
409
8564
198
8564
8564
8564
204
425
204
198
8564
204
198
8564
8564
204
8564
409
8564
8564
8564
8564
8564
8564
8564
8564
8564
8564
8564
8564
216
8564
8564
8564
8564
8564
8564
8564
8564
8564
8564
8564
8564
8564
8564
8564
8564
8564
8564
8564
8564
8564
8564
8564
216
8564
8564
824
198
8564
8564
8564
8564
204
8564
8564
232
8564
216
8564
257
8564
1345
8564
257
8564
1345
8564
760
8564
204
4783
8564
198
204
8564
513
8564
8564
513
8564
8564
513
8564
8564
8564
8564
216
8564
8564
3635
8564
8564
216
8564
257
8564
8564
1345
1345
3722
8564
1345
198
8564
204
8564
513
8564
8564
412
8564
204
513
8564
8564
771
204
513
8564
8564
251
771
8564
204
824
198
8564
8564
204
8564
824
513
680
513
8564
8564
513
8564
8564
513
8564
8564
8564
760
204
8564
8564
513
8564
8564
8564
8564
216
8564
8564
8564
756
204
4108
687
8564
8564
204
8564
201
8564
204
8564
8564
8564
8564
198
8564
8564
204
8564
8564
234
599
8564
216
8564
8564
513
8564
8564
8564
216
8564
8564
513
8564
8564
8564
216
8564
257
8564
1345
513
8564
8564
513
8564
8564
771
8564
204
824
8564
216
8564
8564
8564
4783
513
8564
8564
8564
3634
3634
257
8564
513
8564
8564
513
8564
8564
771
204
824
216
481
8564
513
8564
8564
513
8564
8564
412
612
257
8564
513
8564
8564
513
8564
8564
412
612
257
8564
1345
1345
1345
1345
1345
1345
1345
1345
1345
1345
1345
1345
1345
1345
1345
1345
1345
1345
1345
8564
8564
1345
513
8564
8564
198
204
513
8564
8564
670
412
8564
204
216
8564
8564
513
8564
8564
251
204
513
8564
8564
771
204
198
8564
204
513
8564
513
8564
513
8564
513
8564
8564
216
8564
8564
670
765
8564
8564
8564
8564
8564
409
670
251
8564
204
198
8564
8564
8564
8564
204
8564
8564
8564
216
8564
513
8564
8564
8564
8564
216
8564
8564
251
8564
204
8564
513
8564
8564
513
8564
8564
513
8564
8564
513
8564
8564
8564
513
8564
8564
198
204
8564
8564
216
513
8564
8564
765
756
8564
204
513
8564
513
8564
8564
513
8564
8564
513
513
8564
8564
8564
8564
513
8564
8564
513
8564
513
8564
513
8564
8564
8564
216
8564
8564
771
8564
204
8564
670
8564
670
8564
198
8564
204
824
8564
8564
8564
8564
8564
630
204
8564
216
8564
8564
647
8564
8564
8564
216
8564
8564
8564
8564
670
198
8564
8564
8564
8564
8564
204
8564
8564
8564
216
8564
765
198
8564
204
8564
670
8564
8564
670
670
8564
8564
8564
8564
8564
216
8564
513
8564
8564
198
204
8564
8564
8564
513
8564
8564
8564
8564
8564
216
8564
670
513
8564
8564
8564
8564
513
8564
8564
513
8564
8564
513
8564
8564
513
8564
8564
251
8564
8564
204
513
8564
513
8564
513
8564
8564
8564
216
8564
8564
8564
670
198
8564
204
824
8564
8564
8564
8564
8564
630
204
8564
216
8564
8564
647
8564
8564
8564
216
8564
8564
8564
8564
198
204
8564
198
8564
204
8564
670
412
8564
204
513
8564
8564
216
8564
8564
216
8564
8564
8564
216
8564
670
8564
8564
513
8564
251
8564
8564
204
8564
8564
8564
216
8564
8564
8564
216
8564
257
231
232
8564
513
8564
8564
257
8564
1345
513
8564
8564
412
8564
204
513
8564
8564
771
204
513
8564
8564
513
8564
8564
8564
513
8564
8564
771
204
412
204
824
216
8564
8564
513
8564
8564
8564
216
251
8564
204
765
513
8564
8564
670
8564
8564
216
8564
8564
8564
513
8564
8564
513
8564
8564
513
8564
8564
8564
216
8564
257
8564
1345
513
8564
8564
412
8564
204
513
8564
8564
771
204
513
8564
8564
513
8564
8564
8564
216
8564
8564
513
8564
8564
8564
216
8564
257
8564
513
8564
8564
513
8564
8564
257
8564
513
8564
8564
257
8564
1345
1345
1345
1345
1345
1345
198
204
8564
513
8564
513
8564
513
513
8564
513
8564
513
8564
513
513
8564
8564
513
8564
513
8564
513
8564
513
8564
513
8564
513
8564
513
8564
513
8564
513
8564
8564
216
8564
8564
670
8564
198
8564
204
824
8564
8564
8564
8564
8564
630
204
8564
216
8564
8564
647
8564
8564
8564
216
8564
8564
8564
513
8564
601
198
8564
8564
8564
204
8564
198
204
8564
216
8564
8564
216
8564
8564
8564
216
824
8564
198
8564
204
8564
8564
8564
8564
198
204
8564
412
204
8564
198
204
8564
670
412
8564
204
8564
8564
216
8564
513
8564
216
8564
670
8564
8564
8564
8564
8564
670
8564
8564
513
8564
216
670
8564
251
8564
204
481
8564
8564
4972
8564
481
8564
1345
564
8564
8564
8564
8564
481
8564
8564
481
8564
1345
1345
8564
1345
1345
8564
760
204
8564
513
8564
513
8564
513
8564
513
8564
513
8564
513
8564
8564
8564
216
8564
8564
8564
8564
8564
8564
8564
8564
8564
8564
756
251
8564
424
204
513
8564
8564
8564
8564
760
8564
204
630
8564
204
513
4774
670
8564
8564
8564
760
8564
8564
204
8564
8564
513
8564
8564
8564
216
8564
8564
8564
216
8564
513
8564
8564
513
8564
8564
8564
8564
8564
216
8564
257
8564
8564
513
8564
8564
8564
8564
8564
8564
8564
216
8564
8564
257
8564
4737
8564
8564
527
8564
8564
8564
760
204
8564
257
824
232
8564
8564
8564
760
204
8564
257
824
257
8564
8564
760
204
8564
257
824
232
8564
8564
760
204
8564
257
824
257
8564
1345
198
8564
204
8564
4972
513
8564
760
204
8564
293
5012
8564
216
8564
257
824
257
8564
1345
8564
198
204
8564
771
204
513
4774
670
8564
216
198
8564
8564
204
8564
631
612
742
8564
216
8564
680
8564
8564
760
204
8564
8564
257
824
232
8564
8564
481
8564
1345
8564
513
8564
8564
670
8564
513
8564
8564
670
765
8564
8564
8564
8564
8564
670
8564
8564
8564
8564
670
8564
513
8564
8564
771
204
8564
216
8564
257
8564
1345
8564
3722
8564
8564
8564
8564
8564
8564
234
8564
8564
204
8564
198
8564
204
1168
8564
513
630
8564
8564
204
8564
8564
8564
216
8564
257
8564
1345
8564
3722
8564
8564
8564
8564
8564
8564
234
8564
8564
204
8564
198
8564
204
1168
8564
630
8564
204
8564
8564
8564
216
8564
257
8564
1345
1345
3722
8564
8564
8564
8564
8564
8564
234
8564
8564
204
8564
198
8564
204
8564
8564
8564
8564
216
8564
257
8564
1345
1345
3722
8564
8564
8564
8564
8564
8564
234
8564
8564
204
8564
198
8564
204
8564
8564
8564
8564
216
8564
257
8564
1345
1345
3722
8564
8564
8564
8564
8564
8564
234
8564
8564
204
8564
198
8564
204
8564
8564
8564
8564
216
8564
257
8564
1345
1345
3722
8564
8564
8564
8564
8564
8564
234
8564
8564
204
8564
198
8564
204
8564
8564
8564
8564
216
8564
257
8564
1345
1345
3722
8564
8564
8564
4823
8564
8564
234
8564
8564
204
8564
198
8564
204
194
8564
8564
8564
8564
216
8564
257
8564
1345
1345
3722
8564
8564
8564
4823
8564
8564
234
8564
8564
204
8564
198
8564
204
194
8564
8564
8564
8564
216
8564
257
8564
8564
1345
8564
8564
3722
8564
8564
8564
8564
8564
8564
8564
198
8564
8564
204
8564
8564
234
8564
8564
204
8564
8564
8564
216
8564
257
8564
8564
1345
8564
8564
3722
8564
8564
8564
8564
8564
8564
8564
198
8564
8564
204
8564
8564
234
8564
8564
204
8564
8564
8564
216
8564
257
8564
8564
4972
513
8564
481
8564
8564
4972
8564
481
8564
1345
1345
1345
1345
8564
8564
8564
204
8564
8564
513
8564
513
8564
8564
8564
216
8564
8564
8564
8564
8564
198
8564
204
513
8564
8564
198
8564
8564
8564
8564
204
8564
257
8564
8564
8564
8564
513
8564
8564
257
8564
8564
8564
8564
513
8564
8564
513
8564
8564
513
8564
8564
513
8564
8564
257
8564
1345
1345
198
8564
204
8564
8564
8564
513
8564
8564
198
8564
204
513
8564
8564
8564
3634
216
3634
198
8564
8564
8564
204
8564
257
8564
1345
1345
1345
198
8564
204
8564
513
8564
513
8564
8564
216
8564
513
8564
8564
198
8564
204
513
8564
8564
198
204
8564
8564
8564
198
8564
204
8564
8564
198
8564
8564
8564
204
8564
257
8564
1345
1345
1345
1345
1345
1345
1345
1345
1345
1345
1345
1345
1345
1345
1345
1345
1345
1345
1345
1345
1345
1345
1345
1345
1345
1345
1345
1345
1345
198
204
8564
198
8564
204
8564
198
8564
204
513
8564
8564
756
8564
204
8564
513
8564
513
8564
513
8564
513
8564
513
8564
513
8564
513
8564
513
8564
8564
8564
8564
8564
8564
216
8564
8564
8564
8564
513
8564
8564
496
8564
8564
8564
8564
8564
8564
204
8564
8564
8564
8564
8564
513
8564
8564
409
198
8564
8564
8564
8564
8564
8564
8564
204
198
8564
8564
8564
204
8564
8564
8564
8564
8564
8564
8564
8564
8564
8564
216
8564
513
8564
8564
198
8564
204
8564
8564
8564
8564
8564
8564
216
8564
513
8564
8564
756
8564
204
8564
8564
8564
8564
8564
8564
8564
216
8564
513
8564
8564
513
8564
8564
198
8564
8564
8564
204
513
8564
8564
756
8564
8564
8564
8564
8564
8564
8564
8564
8564
204
8564
8564
8564
198
8564
204
8564
8564
8564
8564
8564
8564
8564
8564
8564
8564
8564
216
8564
513
8564
8564
513
8564
8564
670
8564
513
8564
8564
496
204
8564
8564
670
765
198
8564
810
8564
8564
8564
8564
670
536
8564
513
8564
8564
394
8564
8564
8564
8564
8564
8564
8564
204
513
8564
8564
670
8564
8564
8564
8564
8564
8564
216
513
8564
8564
8564
8564
8564
8564
8564
8564
216
8564
8564
8564
8564
8564
8564
8564
8564
8564
8564
670
8564
8564
8564
8564
216
8564
8564
8564
513
8564
8564
8564
8564
8564
8564
216
8564
8564
8564
8564
756
8564
8564
204
8564
8564
8564
8564
8564
8564
8564
8564
216
8564
8564
8564
8564
8564
8564
8564
8564
8564
216
8564
8564
8564
8564
198
8564
8564
204
8564
8564
8564
513
8564
8564
8564
8564
8564
216
8564
257
231
232
8564
1345
8564
8564
513
8564
8564
670
765
8564
8564
8564
8564
257
8564
481
8564
8564
1345
1345
1345
3722
1345
1345
1345
1345
8564
1345
8564
198
204
513
8564
513
8564
8564
216
8564
513
8564
8564
198
204
8564
8564
8564
198
204
8564
8564
198
8564
8564
204
8564
8564
8564
8564
8564
198
8564
8564
204
513
8564
513
8564
513
8564
513
8564
513
8564
513
8564
8564
8564
216
8564
8564
513
8564
8564
409
198
8564
8564
204
513
8564
8564
8564
8564
8564
198
204
513
8564
8564
8564
670
8564
8564
8564
8564
8564
513
765
8564
8564
8564
8564
8564
8564
8564
670
8564
8564
216
513
8564
8564
8564
8564
8564
8564
8564
513
765
8564
8564
8564
8564
8564
8564
8564
8564
216
513
8564
8564
513
8564
8564
513
8564
8564
680
8564
670
8564
8564
8564
8564
8564
670
765
8564
8564
8564
8564
8564
8564
8564
670
8564
8564
216
8564
8564
198
8564
8564
204
8564
8564
8564
198
8564
8564
8564
204
8564
8564
8564
8564
216
513
8564
8564
8564
8564
8564
8564
216
513
8564
8564
8564
8564
8564
8564
8564
8564
216
8564
8564
8564
513
8564
8564
8564
216
8564
253
8564
8564
8564
8564
216
8564
8564
513
8564
8564
8564
8564
513
8564
8564
8564
216
8564
257
8564
8564
1345
1345
1345
1345
1345
8564
1345
8564
8564
8564
8564
198
198
424
8564
204
513
8564
513
8564
513
8564
513
8564
513
8564
8564
8564
216
8564
513
8564
8564
198
8564
204
8564
513
8564
8564
409
198
8564
8564
204
513
8564
8564
8564
670
8564
8564
8564
8564
8564
513
765
8564
8564
8564
8564
8564
8564
8564
670
8564
8564
216
513
8564
8564
8564
8564
8564
8564
8564
513
765
8564
8564
8564
8564
8564
8564
8564
8564
216
8564
8564
8564
8564
198
8564
8564
204
8564
8564
8564
634
198
8564
8564
8564
8564
204
8564
8564
216
8564
513
8564
8564
8564
8564
513
8564
8564
513
8564
8564
8564
216
513
8564
8564
8564
8564
8564
8564
8564
8564
216
8564
8564
8564
8564
216
8564
257
8564
1345
8564
1345
1345
1345
1345
1345
1345
564
8564
8564
8564
8564
8564
8564
8564
8564
198
8564
204
8564
8564
216
8564
8564
8564
8564
216
8564
8564
513
8564
8564
409
198
8564
8564
204
513
8564
8564
8564
8564
513
8564
8564
513
8564
8564
513
8564
8564
513
8564
8564
8564
513
8564
8564
198
204
8564
8564
8564
8564
216
513
8564
8564
756
8564
204
8564
8564
8564
216
513
8564
8564
513
8564
8564
513
8564
8564
513
8564
8564
8564
216
513
8564
8564
513
8564
8564
513
8564
8564
513
8564
8564
8564
216
8564
513
8564
8564
8564
513
8564
216
8564
8564
8564
198
513
8564
204
513
8564
8564
216
8564
513
8564
8564
8564
8564
216
8564
8564
8564
8564
8564
198
8564
8564
8564
204
8564
204
8564
8564
8564
8564
216
8564
257
8564
8564
8564
1011
8564
8564
257
8564
8564
8564
8564
8564
257
8564
8564
8564
8564
8564
257
8564
8564
8564
8564
8564
257
8564
8564
8564
8564
8564
257
8564
8564
8564
8564
8564
257
8564
8564
8564
8564
8564
257
8564
8564
8564
8564
252
8564
257
8564
8564
8564
8564
252
8564
257
8564
8564
8564
8564
8564
252
8564
1085
8564
257
8564
8564
8564
8564
8564
252
8564
1085
8564
257
8564
1345
1345
1345
1345
1345
1345
1345
8564
756
8564
204
8564
513
8564
513
8564
513
8564
513
8564
8564
513
8564
513
8564
513
8564
513
8564
8564
216
8564
8564
670
824
8564
8564
8564
8564
8564
409
8564
8564
8564
198
204
8564
8564
8564
8564
8564
8564
670
8564
216
8564
8564
1011
8564
8564
198
8564
8564
204
8564
647
8564
8564
216
8564
8564
8564
8564
8564
8564
8564
513
8564
216
8564
8564
394
8564
8564
204
8564
513
257
8564
1345
1345
1345
1345
1345
1345
1345
8564
756
8564
204
8564
513
8564
513
8564
513
513
8564
8564
513
8564
513
8564
513
8564
8564
216
8564
670
824
8564
8564
8564
8564
198
204
198
8564
8564
204
8564
8564
8564
198
204
8564
8564
8564
8564
8564
8564
8564
216
8564
8564
1011
8564
8564
198
8564
8564
8564
204
8564
8564
8564
647
8564
8564
216
8564
8564
8564
8564
8564
8564
8564
8564
216
8564
670
8564
394
8564
8564
204
8564
257
8564
1345
1345
1345
8564
8564
8564
1345
1345
1345
8564
1345
8564
8564
1345
8564
1345
513
8564
8564
513
8564
8564
198
204
8564
513
8564
8564
198
204
198
8564
8564
204
513
8564
8564
756
204
513
8564
8564
198
8564
204
513
8564
8564
8564
8564
513
8564
8564
234
204
513
8564
513
8564
8564
8564
8564
216
513
8564
513
8564
513
8564
216
8564
8564
8564
8564
8564
8564
8564
513
8564
8564
234
8564
8564
204
513
8564
8564
513
8564
8564
8564
8564
8564
216
8564
8564
8564
8564
8564
8564
513
8564
8564
513
8564
8564
8564
8564
216
513
8564
8564
513
8564
8564
8564
216
8564
8564
198
8564
8564
756
424
8564
204
513
8564
513
8564
8564
8564
216
8564
8564
8564
513
8564
8564
8564
198
8564
204
536
8564
8564
198
8564
8564
394
8564
8564
8564
8564
204
8564
8564
8564
8564
204
513
8564
8564
513
513
8564
513
8564
8564
8564
8564
216
513
8564
8564
8564
8564
216
513
8564
8564
513
513
8564
8564
8564
8564
8564
8564
8564
513
8564
8564
8564
8564
8564
8564
8564
8564
8564
216
8564
8564
8564
8564
8564
8564
8564
216
8564
257
231
232
8564
8564
8564
8564
513
8564
8564
513
8564
8564
513
8564
8564
513
8564
8564
513
8564
8564
513
8564
8564
257
8564
481
8564
8564
8564
8564
412
612
257
8564
8564
257
8564
1345
8564
8564
1345
8564
8564
8564
8564
8564
8564
198
8564
204
198
8564
204
8564
8564
8564
513
8564
8564
513
8564
8564
8564
257
8564
8564
8564
216
8564
8564
8564
216
8564
8564
257
8564
657
8564
8564
257
8564
1345
824
8564
8564
657
824
8564
8564
564
8564
8564
8564
198
8564
204
8564
8564
657
8564
8564
216
8564
8564
8564
257
8564
1345
198
8564
204
771
204
188
188
1137
641
188
728
194
8564
216
198
8564
198
612
810
749
188
188
1137
641
188
728
194
8564
216
771
204
6161
198
8564
204
8564
771
8564
8564
204
694
878
858
876
653
188
878
876
878
876
653
188
188
1137
641
728
194
191
194
188
192
965
2383
194
251
204
878
194
251
412
8564
8564
204
513
8564
216
8564
216
8564
257
8564
1345
8564
4783
824
513
257
8564
1345
8564
257
8564
1345
8564
4783
8564
8564
8564
8564
257
8564
1345
8564
4783
8564
8564
8564
257
8564
1345
1345
8564
8564
216
8564
8564
8564
198
513
8564
204
257
8564
1345
8564
4783
824
257
